<?xml version="1.0" encoding="utf-8"?>
<COLLADA xmlns="http://www.collada.org/2005/11/COLLADASchema" version="1.4.1">
  <asset>
    <contributor>
      <author>Mixamo</author>
      <authoring_tool>COLLADA Mixamo exporter</authoring_tool>
      <comments/>
    </contributor>
    <created>2023-11-14T01:18:19Z</created>
    <modified>2023-11-14T01:18:19Z</modified>
    <revision/>
    <title/>
    <unit meter="0.010000"/>
    <up_axis>Y_UP</up_axis>
  </asset>
  <library_animations>
    <animation id="mixamorig_Hips-anim" name="mixamorig_Hips">
      <source id="mixamorig_Hips-Matrix-animation-input">
        <float_array id="mixamorig_Hips-Matrix-animation-input-array" count="251">

0.000000 0.033333 0.066667 0.100000 0.133333 0.166667 0.200000 0.233333 0.266667 0.300000 0.333333 0.366667 0.400000 0.433333 0.466667 0.500000
0.533333 0.566667 0.600000 0.633333 0.666667 0.700000 0.733333 0.766667 0.800000 0.833333 0.866667 0.900000 0.933333 0.966667 1.000000 1.033333
1.066667 1.100000 1.133333 1.166667 1.200000 1.233333 1.266667 1.300000 1.333333 1.366667 1.400000 1.433333 1.466667 1.500000 1.533333 1.566667
1.600000 1.633333 1.666667 1.700000 1.733333 1.766667 1.800000 1.833333 1.866667 1.900000 1.933333 1.966667 2.000000 2.033333 2.066667 2.100000
2.133333 2.166667 2.200000 2.233333 2.266667 2.300000 2.333333 2.366667 2.400000 2.433333 2.466667 2.500000 2.533333 2.566667 2.600000 2.633333
2.666667 2.700000 2.733333 2.766667 2.800000 2.833333 2.866667 2.900000 2.933333 2.966667 3.000000 3.033333 3.066667 3.100000 3.133333 3.166667
3.200000 3.233333 3.266667 3.300000 3.333333 3.366667 3.400000 3.433333 3.466667 3.500000 3.533333 3.566667 3.600000 3.633333 3.666667 3.700000
3.733333 3.766667 3.800000 3.833333 3.866667 3.900000 3.933333 3.966667 4.000000 4.033333 4.066667 4.100000 4.133333 4.166667 4.200000 4.233333
4.266667 4.300000 4.333333 4.366667 4.400000 4.433333 4.466667 4.500000 4.533333 4.566667 4.600000 4.633333 4.666667 4.700000 4.733333 4.766667
4.800000 4.833333 4.866667 4.900000 4.933333 4.966667 5.000000 5.033333 5.066667 5.100000 5.133333 5.166667 5.200000 5.233333 5.266667 5.300000
5.333333 5.366667 5.400000 5.433333 5.466667 5.500000 5.533333 5.566667 5.600000 5.633333 5.666667 5.700000 5.733333 5.766667 5.800000 5.833333
5.866667 5.900000 5.933333 5.966667 6.000000 6.033333 6.066667 6.100000 6.133333 6.166667 6.200000 6.233333 6.266667 6.300000 6.333333 6.366667
6.400000 6.433333 6.466667 6.500000 6.533333 6.566667 6.600000 6.633333 6.666667 6.700000 6.733333 6.766667 6.800000 6.833333 6.866667 6.900000
6.933333 6.966667 7.000000 7.033333 7.066667 7.100000 7.133333 7.166667 7.200000 7.233333 7.266667 7.300000 7.333333 7.366667 7.400000 7.433333
7.466667 7.500000 7.533333 7.566667 7.600000 7.633333 7.666667 7.700000 7.733333 7.766667 7.800000 7.833333 7.866667 7.900000 7.933333 7.966667
8.000000 8.033333 8.066667 8.100000 8.133333 8.166667 8.200000 8.233333 8.266667 8.300000 8.333333</float_array>
        <technique_common>
          <accessor source="#mixamorig_Hips-Matrix-animation-input-array" count="251">
            <param name="TIME" type="float"/>
          </accessor>
        </technique_common>
      </source>
      <source id="mixamorig_Hips-Matrix-animation-output-transform">
        <float_array id="mixamorig_Hips-Matrix-animation-output-transform-array" count="4016">

0.994078 0.059286 -0.091070 -0.012779 -0.053455 0.996440 0.065185 97.019974 0.094611 -0.059931 0.993709 0.610023 0.000000 0.000000 0.000000 1.000000
0.994080 0.059285 -0.091049 -0.011920 -0.053485 0.996459 0.064877 97.020485 0.094573 -0.059623 0.993731 0.611631 0.000000 0.000000 0.000000 1.000000
0.994067 0.059277 -0.091202 -0.011033 -0.053489 0.996474 0.064649 97.021591 0.094713 -0.059387 0.993732 0.616581 0.000000 0.000000 0.000000 1.000000
0.994048 0.059249 -0.091422 -0.009545 -0.053464 0.996486 0.064476 97.023155 0.094921 -0.059204 0.993723 0.623930 0.000000 0.000000 0.000000 1.000000
0.994016 0.059252 -0.091772 -0.008107 -0.053455 0.996492 0.064386 97.025269 0.095266 -0.059095 0.993696 0.632582 0.000000 0.000000 0.000000 1.000000
0.993960 0.059287 -0.092348 -0.007225 -0.053460 0.996495 0.064344 97.027550 0.095839 -0.059019 0.993646 0.641658 0.000000 0.000000 0.000000 1.000000
0.993889 0.059321 -0.093092 -0.006526 -0.053458 0.996500 0.064264 97.029404 0.096579 -0.058895 0.993581 0.650449 0.000000 0.000000 0.000000 1.000000
0.993815 0.059355 -0.093851 -0.005733 -0.053458 0.996507 0.064149 97.030190 0.097331 -0.058735 0.993517 0.658748 0.000000 0.000000 0.000000 1.000000
0.993743 0.059416 -0.094574 -0.005090 -0.053481 0.996510 0.064092 97.030212 0.098052 -0.058633 0.993452 0.666954 0.000000 0.000000 0.000000 1.000000
0.993668 0.059510 -0.095305 -0.004487 -0.053533 0.996507 0.064093 97.031036 0.098786 -0.058585 0.993383 0.675605 0.000000 0.000000 0.000000 1.000000
0.993591 0.059625 -0.096034 -0.003384 -0.053613 0.996508 0.064012 97.033302 0.099515 -0.058453 0.993318 0.684537 0.000000 0.000000 0.000000 1.000000
0.993516 0.059722 -0.096739 -0.001869 -0.053693 0.996519 0.063773 97.035652 0.100211 -0.058165 0.993265 0.693202 0.000000 0.000000 0.000000 1.000000
0.993447 0.059782 -0.097415 -0.000749 -0.053746 0.996536 0.063459 97.036438 0.100871 -0.057808 0.993219 0.701356 0.000000 0.000000 0.000000 1.000000
0.993384 0.059842 -0.098015 -0.000532 -0.053798 0.996551 0.063186 97.035782 0.101458 -0.057495 0.993177 0.709008 0.000000 0.000000 0.000000 1.000000
0.993327 0.059948 -0.098527 -0.001777 -0.053895 0.996558 0.062994 97.034813 0.101964 -0.057264 0.993139 0.716293 0.000000 0.000000 0.000000 1.000000
0.993270 0.060119 -0.099001 -0.005551 -0.054053 0.996558 0.062855 97.034218 0.102439 -0.057081 0.993100 0.722978 0.000000 0.000000 0.000000 1.000000
0.993217 0.060319 -0.099409 -0.012113 -0.054250 0.996559 0.062669 97.033287 0.102847 -0.056851 0.993071 0.728698 0.000000 0.000000 0.000000 1.000000
0.993183 0.060483 -0.099643 -0.020218 -0.054434 0.996569 0.062345 97.031593 0.103072 -0.056496 0.993068 0.734128 0.000000 0.000000 0.000000 1.000000
0.993168 0.060590 -0.099728 -0.028355 -0.054580 0.996587 0.061929 97.029938 0.103140 -0.056062 0.993086 0.740662 0.000000 0.000000 0.000000 1.000000
0.993155 0.060688 -0.099803 -0.036181 -0.054713 0.996603 0.061552 97.029144 0.103200 -0.055670 0.993102 0.748520 0.000000 0.000000 0.000000 1.000000
0.993138 0.060804 -0.099899 -0.044510 -0.054854 0.996613 0.061274 97.029236 0.103286 -0.055373 0.993109 0.756853 0.000000 0.000000 0.000000 1.000000
0.993132 0.060895 -0.099902 -0.054051 -0.054974 0.996623 0.060989 97.029510 0.103279 -0.055078 0.993126 0.765860 0.000000 0.000000 0.000000 1.000000
0.993143 0.060912 -0.099786 -0.064485 -0.055043 0.996646 0.060549 97.029160 0.103139 -0.054641 0.993165 0.776567 0.000000 0.000000 0.000000 1.000000
0.993151 0.060883 -0.099726 -0.074737 -0.055075 0.996678 0.059993 97.028641 0.103047 -0.054090 0.993205 0.789744 0.000000 0.000000 0.000000 1.000000
0.993139 0.060863 -0.099854 -0.084148 -0.055098 0.996706 0.059513 97.029373 0.103147 -0.053603 0.993221 0.806006 0.000000 0.000000 0.000000 1.000000
0.993122 0.060805 -0.100057 -0.092616 -0.055061 0.996726 0.059201 97.031631 0.103329 -0.053285 0.993219 0.825381 0.000000 0.000000 0.000000 1.000000
0.993120 0.060648 -0.100171 -0.100183 -0.054917 0.996745 0.059015 97.034210 0.103424 -0.053107 0.993219 0.846614 0.000000 0.000000 0.000000 1.000000
0.993136 0.060406 -0.100162 -0.107246 -0.054682 0.996763 0.058937 97.035187 0.103397 -0.053056 0.993224 0.867504 0.000000 0.000000 0.000000 1.000000
0.993164 0.060143 -0.100036 -0.114657 -0.054418 0.996773 0.059005 97.034584 0.103262 -0.053158 0.993233 0.886984 0.000000 0.000000 0.000000 1.000000
0.993202 0.059895 -0.099812 -0.123428 -0.054161 0.996776 0.059202 97.034172 0.103036 -0.053394 0.993243 0.906742 0.000000 0.000000 0.000000 1.000000
0.993236 0.059673 -0.099606 -0.134477 -0.053918 0.996771 0.059497 97.035172 0.102834 -0.053724 0.993247 0.929466 0.000000 0.000000 0.000000 1.000000
0.993252 0.059492 -0.099556 -0.147864 -0.053697 0.996759 0.059904 97.036850 0.102798 -0.054154 0.993227 0.955322 0.000000 0.000000 0.000000 1.000000
0.993256 0.059349 -0.099600 -0.162199 -0.053500 0.996740 0.060396 97.038025 0.102859 -0.054660 0.993193 0.981448 0.000000 0.000000 0.000000 1.000000
0.993268 0.059218 -0.099555 -0.175619 -0.053320 0.996719 0.060890 97.038551 0.102834 -0.055171 0.993167 1.005181 0.000000 0.000000 0.000000 1.000000
0.993293 0.059081 -0.099391 -0.187923 -0.053144 0.996700 0.061362 97.038780 0.102689 -0.055668 0.993155 1.025655 0.000000 0.000000 0.000000 1.000000
0.993329 0.058913 -0.099126 -0.199652 -0.052939 0.996680 0.061856 97.038780 0.102441 -0.056196 0.993150 1.042648 0.000000 0.000000 0.000000 1.000000
0.993386 0.058695 -0.098692 -0.210882 -0.052689 0.996659 0.062407 97.038651 0.102025 -0.056795 0.993159 1.056408 0.000000 0.000000 0.000000 1.000000
0.993469 0.058407 -0.098021 -0.221469 -0.052381 0.996640 0.062968 97.038544 0.101369 -0.057422 0.993190 1.067804 0.000000 0.000000 0.000000 1.000000
0.993577 0.058028 -0.097149 -0.231025 -0.052001 0.996628 0.063466 97.038742 0.100504 -0.058007 0.993244 1.077314 0.000000 0.000000 0.000000 1.000000
0.993700 0.057568 -0.096154 -0.239176 -0.051557 0.996625 0.063880 97.039085 0.099507 -0.058520 0.993315 1.083907 0.000000 0.000000 0.000000 1.000000
0.993835 0.057097 -0.095034 -0.246562 -0.051117 0.996626 0.064213 97.038475 0.098380 -0.058959 0.993401 1.086424 0.000000 0.000000 0.000000 1.000000
0.993981 0.056690 -0.093740 -0.254998 -0.050760 0.996628 0.064472 97.036057 0.097079 -0.059325 0.993507 1.085682 0.000000 0.000000 0.000000 1.000000
0.994134 0.056337 -0.092324 -0.265255 -0.050470 0.996628 0.064691 97.032173 0.095657 -0.059652 0.993625 1.083209 0.000000 0.000000 0.000000 1.000000
0.994282 0.055989 -0.090927 -0.276579 -0.050182 0.996627 0.064936 97.028107 0.094256 -0.060002 0.993738 1.079686 0.000000 0.000000 0.000000 1.000000
0.994417 0.055642 -0.089663 -0.288875 -0.049884 0.996623 0.065222 97.024773 0.092989 -0.060385 0.993834 1.075217 0.000000 0.000000 0.000000 1.000000
0.994532 0.055325 -0.088568 -0.302940 -0.049610 0.996620 0.065478 97.021973 0.091891 -0.060726 0.993916 1.070416 0.000000 0.000000 0.000000 1.000000
0.994631 0.055041 -0.087639 -0.318956 -0.049364 0.996620 0.065671 97.019104 0.090957 -0.060992 0.993985 1.066780 0.000000 0.000000 0.000000 1.000000
0.994711 0.054776 -0.086885 -0.336326 -0.049129 0.996619 0.065853 97.016869 0.090199 -0.061236 0.994039 1.065108 0.000000 0.000000 0.000000 1.000000
0.994773 0.054544 -0.086320 -0.355262 -0.048913 0.996616 0.066054 97.015968 0.089630 -0.061487 0.994075 1.064673 0.000000 0.000000 0.000000 1.000000
0.994820 0.054356 -0.085899 -0.375900 -0.048736 0.996614 0.066224 97.015411 0.089208 -0.061694 0.994101 1.064459 0.000000 0.000000 0.000000 1.000000
0.994857 0.054203 -0.085561 -0.396603 -0.048598 0.996617 0.066282 97.014366 0.088864 -0.061783 0.994126 1.064411 0.000000 0.000000 0.000000 1.000000
0.994885 0.054051 -0.085335 -0.415437 -0.048465 0.996627 0.066224 97.013214 0.088626 -0.061749 0.994149 1.065499 0.000000 0.000000 0.000000 1.000000
0.994895 0.053887 -0.085325 -0.432533 -0.048309 0.996640 0.066145 97.012527 0.088603 -0.061686 0.994155 1.068738 0.000000 0.000000 0.000000 1.000000
0.994882 0.053732 -0.085574 -0.448215 -0.048139 0.996649 0.066132 97.012878 0.088840 -0.061674 0.994135 1.074666 0.000000 0.000000 0.000000 1.000000
0.994855 0.053587 -0.085978 -0.461587 -0.047963 0.996654 0.066188 97.014214 0.089237 -0.061724 0.994096 1.082951 0.000000 0.000000 0.000000 1.000000
0.994828 0.053435 -0.086386 -0.472313 -0.047777 0.996656 0.066288 97.015839 0.089640 -0.061818 0.994054 1.092357 0.000000 0.000000 0.000000 1.000000
0.994805 0.053272 -0.086747 -0.481334 -0.047580 0.996657 0.066410 97.017197 0.089994 -0.061938 0.994014 1.101728 0.000000 0.000000 0.000000 1.000000
0.994782 0.053116 -0.087103 -0.489282 -0.047388 0.996656 0.066567 97.018250 0.090347 -0.062092 0.993973 1.111138 0.000000 0.000000 0.000000 1.000000
0.994755 0.052989 -0.087496 -0.495554 -0.047216 0.996650 0.066774 97.018890 0.090742 -0.062292 0.993924 1.120971 0.000000 0.000000 0.000000 1.000000
0.994719 0.052899 -0.087951 -0.500154 -0.047076 0.996641 0.067013 97.019287 0.091201 -0.062518 0.993868 1.130742 0.000000 0.000000 0.000000 1.000000
0.994676 0.052839 -0.088472 -0.504075 -0.046960 0.996629 0.067268 97.019409 0.091729 -0.062755 0.993805 1.139928 0.000000 0.000000 0.000000 1.000000
0.994633 0.052800 -0.088985 -0.508100 -0.046863 0.996616 0.067536 97.018867 0.092250 -0.063004 0.993741 1.148633 0.000000 0.000000 0.000000 1.000000
0.994597 0.052800 -0.089386 -0.512252 -0.046812 0.996599 0.067813 97.017876 0.092663 -0.063262 0.993686 1.157328 0.000000 0.000000 0.000000 1.000000
0.994565 0.052852 -0.089703 -0.515659 -0.046817 0.996579 0.068105 97.017166 0.092996 -0.063535 0.993637 1.165915 0.000000 0.000000 0.000000 1.000000
0.994529 0.052931 -0.090052 -0.516962 -0.046843 0.996556 0.068430 97.017021 0.093364 -0.063838 0.993583 1.173206 0.000000 0.000000 0.000000 1.000000
0.994494 0.053024 -0.090385 -0.516089 -0.046878 0.996528 0.068808 97.017342 0.093720 -0.064192 0.993527 1.179195 0.000000 0.000000 0.000000 1.000000
0.994475 0.053148 -0.090519 -0.514296 -0.046953 0.996494 0.069247 97.017723 0.093882 -0.064614 0.993484 1.185716 0.000000 0.000000 0.000000 1.000000
0.994477 0.053303 -0.090411 -0.512598 -0.047070 0.996455 0.069730 97.017502 0.093808 -0.065089 0.993460 1.193116 0.000000 0.000000 0.000000 1.000000
0.994488 0.053460 -0.090194 -0.510627 -0.047195 0.996415 0.070216 97.016342 0.093624 -0.065572 0.993446 1.199367 0.000000 0.000000 0.000000 1.000000
0.994502 0.053598 -0.089964 -0.508090 -0.047305 0.996377 0.070682 97.014908 0.093427 -0.066038 0.993434 1.203300 0.000000 0.000000 0.000000 1.000000
0.994523 0.053721 -0.089652 -0.506003 -0.047406 0.996339 0.071144 97.013451 0.093146 -0.066504 0.993429 1.206157 0.000000 0.000000 0.000000 1.000000
0.994564 0.053836 -0.089125 -0.505874 -0.047510 0.996298 0.071640 97.011299 0.092652 -0.067016 0.993441 1.209931 0.000000 0.000000 0.000000 1.000000
0.994626 0.053930 -0.088379 -0.507507 -0.047603 0.996253 0.072206 97.008049 0.091942 -0.067610 0.993466 1.214818 0.000000 0.000000 0.000000 1.000000
0.994697 0.053983 -0.087547 -0.509402 -0.047653 0.996204 0.072846 97.003998 0.091147 -0.068288 0.993493 1.219053 0.000000 0.000000 0.000000 1.000000
0.994770 0.053997 -0.086696 -0.511784 -0.047665 0.996154 0.073517 96.999580 0.090332 -0.069000 0.993519 1.221641 0.000000 0.000000 0.000000 1.000000
0.994849 0.053994 -0.085791 -0.516606 -0.047668 0.996107 0.074148 96.994995 0.089461 -0.069676 0.993550 1.223558 0.000000 0.000000 0.000000 1.000000
0.994933 0.053978 -0.084817 -0.524961 -0.047671 0.996066 0.074705 96.990219 0.088516 -0.070283 0.993592 1.225971 0.000000 0.000000 0.000000 1.000000
0.995025 0.053931 -0.083771 -0.537235 -0.047656 0.996031 0.075175 96.985443 0.087492 -0.070809 0.993645 1.229872 0.000000 0.000000 0.000000 1.000000
0.995123 0.053839 -0.082649 -0.552962 -0.047614 0.996007 0.075518 96.981758 0.086385 -0.071214 0.993713 1.236383 0.000000 0.000000 0.000000 1.000000
0.995221 0.053719 -0.081545 -0.570173 -0.047558 0.995995 0.075707 96.980240 0.085285 -0.071467 0.993790 1.245465 0.000000 0.000000 0.000000 1.000000
0.995303 0.053616 -0.080611 -0.587759 -0.047514 0.995991 0.075793 96.980156 0.084352 -0.071607 0.993860 1.256263 0.000000 0.000000 0.000000 1.000000
0.995359 0.053531 -0.079963 -0.605385 -0.047469 0.995986 0.075884 96.980194 0.083704 -0.071736 0.993905 1.268714 0.000000 0.000000 0.000000 1.000000
0.995396 0.053414 -0.079591 -0.622596 -0.047365 0.995979 0.076049 96.980064 0.083333 -0.071929 0.993923 1.282998 0.000000 0.000000 0.000000 1.000000
0.995422 0.053231 -0.079383 -0.639887 -0.047177 0.995970 0.076280 96.979790 0.083123 -0.072185 0.993921 1.298739 0.000000 0.000000 0.000000 1.000000
0.995447 0.053016 -0.079213 -0.659315 -0.046953 0.995961 0.076536 96.979370 0.082950 -0.072468 0.993915 1.315728 0.000000 0.000000 0.000000 1.000000
0.995474 0.052839 -0.078993 -0.682260 -0.046772 0.995951 0.076778 96.978867 0.082730 -0.072736 0.993914 1.334060 0.000000 0.000000 0.000000 1.000000
0.995502 0.052705 -0.078728 -0.707091 -0.046640 0.995941 0.076982 96.978416 0.082466 -0.072964 0.993919 1.353244 0.000000 0.000000 0.000000 1.000000
0.995526 0.052552 -0.078527 -0.730147 -0.046488 0.995935 0.077154 96.978172 0.082263 -0.073158 0.993922 1.372318 0.000000 0.000000 0.000000 1.000000
0.995539 0.052352 -0.078489 -0.749501 -0.046277 0.995932 0.077320 96.978760 0.082218 -0.073343 0.993912 1.391341 0.000000 0.000000 0.000000 1.000000
0.995540 0.052142 -0.078616 -0.766365 -0.046044 0.995930 0.077476 96.980721 0.082336 -0.073511 0.993890 1.411261 0.000000 0.000000 0.000000 1.000000
0.995531 0.051954 -0.078854 -0.782236 -0.045828 0.995931 0.077598 96.983498 0.082564 -0.073638 0.993861 1.431554 0.000000 0.000000 0.000000 1.000000
0.995516 0.051768 -0.079174 -0.795844 -0.045607 0.995930 0.077738 96.985481 0.082876 -0.073778 0.993825 1.448881 0.000000 0.000000 0.000000 1.000000
0.995496 0.051559 -0.079553 -0.805346 -0.045349 0.995922 0.077991 96.986046 0.083250 -0.074032 0.993775 1.460108 0.000000 0.000000 0.000000 1.000000
0.995479 0.051365 -0.079894 -0.811397 -0.045098 0.995904 0.078370 96.986443 0.083592 -0.074413 0.993718 1.465533 0.000000 0.000000 0.000000 1.000000
0.995467 0.051218 -0.080138 -0.815015 -0.044900 0.995883 0.078748 96.988449 0.083841 -0.074793 0.993668 1.466972 0.000000 0.000000 0.000000 1.000000
0.995458 0.051069 -0.080344 -0.814933 -0.044720 0.995876 0.078938 96.992294 0.084044 -0.074987 0.993637 1.465306 0.000000 0.000000 0.000000 1.000000
0.995450 0.050859 -0.080576 -0.809508 -0.044499 0.995892 0.078856 96.996399 0.084255 -0.074912 0.993624 1.460519 0.000000 0.000000 0.000000 1.000000
0.995443 0.050587 -0.080828 -0.799302 -0.044231 0.995927 0.078573 96.999077 0.084474 -0.074640 0.993626 1.451617 0.000000 0.000000 0.000000 1.000000
0.995438 0.050303 -0.081068 -0.786864 -0.043961 0.995968 0.078205 97.000252 0.084675 -0.074284 0.993636 1.437885 0.000000 0.000000 0.000000 1.000000
0.995435 0.050047 -0.081265 -0.774380 -0.043723 0.996009 0.077809 97.001114 0.084835 -0.073901 0.993651 1.420779 0.000000 0.000000 0.000000 1.000000
0.995434 0.049824 -0.081423 -0.762247 -0.043522 0.996048 0.077418 97.002579 0.084958 -0.073520 0.993668 1.402244 0.000000 0.000000 0.000000 1.000000
0.995429 0.049626 -0.081594 -0.749617 -0.043341 0.996082 0.077080 97.004356 0.085099 -0.073192 0.993681 1.383023 0.000000 0.000000 0.000000 1.000000
0.995421 0.049444 -0.081803 -0.735615 -0.043166 0.996111 0.076811 97.006355 0.085283 -0.072928 0.993684 1.364028 0.000000 0.000000 0.000000 1.000000
0.995411 0.049271 -0.082034 -0.720060 -0.042998 0.996138 0.076552 97.008904 0.085489 -0.072673 0.993685 1.346621 0.000000 0.000000 0.000000 1.000000
0.995398 0.049129 -0.082280 -0.703752 -0.042865 0.996167 0.076246 97.012123 0.085711 -0.072368 0.993688 1.330800 0.000000 0.000000 0.000000 1.000000
0.995378 0.049051 -0.082563 -0.688133 -0.042796 0.996197 0.075889 97.015182 0.085971 -0.072005 0.993692 1.314834 0.000000 0.000000 0.000000 1.000000
0.995352 0.049015 -0.082895 -0.673942 -0.042771 0.996229 0.075483 97.017479 0.086283 -0.071587 0.993695 1.298149 0.000000 0.000000 0.000000 1.000000
0.995325 0.048956 -0.083260 -0.660094 -0.042730 0.996268 0.074990 97.019928 0.086621 -0.071082 0.993702 1.282793 0.000000 0.000000 0.000000 1.000000
0.995298 0.048870 -0.083631 -0.644715 -0.042669 0.996316 0.074390 97.023605 0.086958 -0.070472 0.993716 1.270151 0.000000 0.000000 0.000000 1.000000
0.995270 0.048826 -0.083992 -0.627706 -0.042657 0.996365 0.073736 97.027763 0.087287 -0.069805 0.993735 1.258901 0.000000 0.000000 0.000000 1.000000
0.995240 0.048851 -0.084332 -0.610370 -0.042713 0.996409 0.073113 97.031693 0.087600 -0.069163 0.993752 1.248849 0.000000 0.000000 0.000000 1.000000
0.995210 0.048865 -0.084671 -0.592847 -0.042750 0.996445 0.072594 97.036377 0.087917 -0.068627 0.993761 1.243344 0.000000 0.000000 0.000000 1.000000
0.995180 0.048779 -0.085075 -0.574009 -0.042667 0.996474 0.072237 97.042488 0.088298 -0.068259 0.993753 1.244306 0.000000 0.000000 0.000000 1.000000
0.995145 0.048619 -0.085574 -0.554134 -0.042487 0.996494 0.072076 97.048576 0.088778 -0.068090 0.993721 1.248598 0.000000 0.000000 0.000000 1.000000
0.995107 0.048495 -0.086088 -0.535408 -0.042325 0.996498 0.072108 97.053032 0.089283 -0.068111 0.993675 1.252007 0.000000 0.000000 0.000000 1.000000
0.995074 0.048464 -0.086476 -0.519885 -0.042251 0.996489 0.072287 97.056061 0.089676 -0.068277 0.993628 1.253966 0.000000 0.000000 0.000000 1.000000
0.995056 0.048480 -0.086679 -0.507402 -0.042231 0.996472 0.072530 97.058540 0.089890 -0.068511 0.993593 1.256816 0.000000 0.000000 0.000000 1.000000
0.995048 0.048469 -0.086774 -0.496069 -0.042191 0.996456 0.072772 97.060867 0.089994 -0.068751 0.993567 1.261830 0.000000 0.000000 0.000000 1.000000
0.995041 0.048417 -0.086887 -0.484497 -0.042110 0.996442 0.073013 97.063232 0.090113 -0.068992 0.993539 1.268120 0.000000 0.000000 0.000000 1.000000
0.995026 0.048373 -0.087077 -0.472989 -0.042031 0.996427 0.073251 97.065956 0.090309 -0.069227 0.993505 1.274397 0.000000 0.000000 0.000000 1.000000
0.995007 0.048380 -0.087293 -0.462880 -0.042005 0.996415 0.073439 97.068665 0.090533 -0.069406 0.993472 1.279395 0.000000 0.000000 0.000000 1.000000
0.994991 0.048429 -0.087455 -0.454932 -0.042035 0.996407 0.073527 97.070290 0.090702 -0.069482 0.993451 1.281802 0.000000 0.000000 0.000000 1.000000
0.994980 0.048484 -0.087549 -0.448222 -0.042086 0.996406 0.073507 97.070976 0.090798 -0.069454 0.993444 1.281586 0.000000 0.000000 0.000000 1.000000
0.994972 0.048533 -0.087612 -0.441567 -0.042138 0.996411 0.073419 97.072060 0.090861 -0.069358 0.993445 1.280226 0.000000 0.000000 0.000000 1.000000
0.994965 0.048593 -0.087655 -0.435386 -0.042206 0.996416 0.073311 97.073830 0.090903 -0.069242 0.993450 1.278778 0.000000 0.000000 0.000000 1.000000
0.994962 0.048682 -0.087644 -0.430581 -0.042304 0.996419 0.073210 97.075706 0.090894 -0.069133 0.993458 1.277600 0.000000 0.000000 0.000000 1.000000
0.994961 0.048782 -0.087596 -0.427206 -0.042418 0.996422 0.073097 97.077713 0.090848 -0.069014 0.993471 1.277425 0.000000 0.000000 0.000000 1.000000
0.994957 0.048875 -0.087589 -0.424698 -0.042527 0.996430 0.072931 97.079750 0.090841 -0.068839 0.993483 1.278546 0.000000 0.000000 0.000000 1.000000
0.994946 0.048976 -0.087657 -0.422980 -0.042644 0.996441 0.072715 97.080414 0.090906 -0.068610 0.993493 1.279959 0.000000 0.000000 0.000000 1.000000
0.994932 0.049119 -0.087735 -0.422567 -0.042799 0.996449 0.072514 97.078705 0.090985 -0.068392 0.993501 1.280323 0.000000 0.000000 0.000000 1.000000
0.994923 0.049300 -0.087738 -0.424309 -0.042993 0.996450 0.072374 97.075508 0.090995 -0.068234 0.993511 1.279578 0.000000 0.000000 0.000000 1.000000
0.994921 0.049495 -0.087645 -0.428845 -0.043204 0.996448 0.072282 97.072372 0.090912 -0.068129 0.993526 1.278846 0.000000 0.000000 0.000000 1.000000
0.994925 0.049686 -0.087501 -0.435376 -0.043409 0.996443 0.072234 97.069939 0.090778 -0.068069 0.993542 1.279480 0.000000 0.000000 0.000000 1.000000
0.994927 0.049866 -0.087373 -0.442135 -0.043599 0.996435 0.072221 97.067894 0.090663 -0.068046 0.993554 1.281999 0.000000 0.000000 0.000000 1.000000
0.994924 0.050032 -0.087316 -0.448654 -0.043772 0.996430 0.072187 97.065804 0.090616 -0.067999 0.993562 1.286209 0.000000 0.000000 0.000000 1.000000
0.994914 0.050177 -0.087346 -0.456447 -0.043925 0.996431 0.072080 97.063049 0.090651 -0.067876 0.993567 1.291314 0.000000 0.000000 0.000000 1.000000
0.994898 0.050306 -0.087453 -0.466724 -0.044066 0.996440 0.071878 97.059113 0.090757 -0.067658 0.993572 1.295648 0.000000 0.000000 0.000000 1.000000
0.994876 0.050453 -0.087618 -0.478750 -0.044230 0.996454 0.071571 97.055023 0.090918 -0.067329 0.993580 1.298414 0.000000 0.000000 0.000000 1.000000
0.994847 0.050639 -0.087837 -0.490482 -0.044436 0.996473 0.071188 97.052856 0.091132 -0.066918 0.993588 1.301166 0.000000 0.000000 0.000000 1.000000
0.994809 0.050850 -0.088140 -0.501073 -0.044665 0.996491 0.070786 97.053032 0.091430 -0.066482 0.993590 1.306214 0.000000 0.000000 0.000000 1.000000
0.994764 0.051039 -0.088543 -0.511300 -0.044864 0.996511 0.070383 97.053551 0.091827 -0.066042 0.993583 1.313905 0.000000 0.000000 0.000000 1.000000
0.994716 0.051166 -0.089008 -0.521011 -0.044999 0.996534 0.069971 97.052460 0.092279 -0.065596 0.993570 1.322518 0.000000 0.000000 0.000000 1.000000
0.994670 0.051249 -0.089467 -0.529488 -0.045086 0.996556 0.069597 97.050369 0.092726 -0.065193 0.993555 1.330981 0.000000 0.000000 0.000000 1.000000
0.994631 0.051317 -0.089862 -0.537389 -0.045155 0.996572 0.069315 97.048706 0.093111 -0.064885 0.993539 1.339932 0.000000 0.000000 0.000000 1.000000
0.994601 0.051370 -0.090171 -0.545275 -0.045209 0.996586 0.069088 97.047852 0.093412 -0.064639 0.993527 1.350081 0.000000 0.000000 0.000000 1.000000
0.994574 0.051385 -0.090450 -0.552632 -0.045231 0.996603 0.068823 97.047577 0.093679 -0.064358 0.993520 1.361381 0.000000 0.000000 0.000000 1.000000
0.994546 0.051344 -0.090782 -0.558975 -0.045200 0.996628 0.068482 97.047882 0.093992 -0.064006 0.993513 1.373728 0.000000 0.000000 0.000000 1.000000
0.994513 0.051255 -0.091202 -0.564341 -0.045120 0.996657 0.068106 97.048546 0.094388 -0.063618 0.993501 1.386777 0.000000 0.000000 0.000000 1.000000
0.994476 0.051152 -0.091654 -0.568973 -0.045023 0.996687 0.067732 97.049164 0.094815 -0.063232 0.993485 1.399284 0.000000 0.000000 0.000000 1.000000
0.994445 0.051073 -0.092038 -0.573339 -0.044956 0.996716 0.067352 97.049629 0.095176 -0.062841 0.993475 1.409863 0.000000 0.000000 0.000000 1.000000
0.994423 0.051026 -0.092304 -0.578228 -0.044932 0.996745 0.066937 97.049995 0.095419 -0.062416 0.993478 1.418541 0.000000 0.000000 0.000000 1.000000
0.994407 0.050986 -0.092494 -0.583726 -0.044924 0.996776 0.066481 97.049583 0.095586 -0.061954 0.993491 1.426931 0.000000 0.000000 0.000000 1.000000
0.994392 0.050918 -0.092698 -0.588264 -0.044884 0.996806 0.066053 97.048950 0.095765 -0.061522 0.993501 1.436887 0.000000 0.000000 0.000000 1.000000
0.994372 0.050825 -0.092959 -0.590133 -0.044805 0.996831 0.065736 97.049797 0.096005 -0.061201 0.993498 1.448871 0.000000 0.000000 0.000000 1.000000
0.994348 0.050746 -0.093253 -0.589710 -0.044727 0.996847 0.065538 97.052330 0.096285 -0.060996 0.993483 1.461306 0.000000 0.000000 0.000000 1.000000
0.994323 0.050701 -0.093551 -0.588777 -0.044674 0.996857 0.065432 97.054321 0.096574 -0.060881 0.993462 1.472467 0.000000 0.000000 0.000000 1.000000
0.994299 0.050665 -0.093822 -0.588132 -0.044621 0.996859 0.065437 97.054489 0.096843 -0.060877 0.993436 1.482695 0.000000 0.000000 0.000000 1.000000
0.994283 0.050616 -0.094019 -0.587738 -0.044545 0.996852 0.065585 97.053429 0.097043 -0.061022 0.993408 1.492787 0.000000 0.000000 0.000000 1.000000
0.994275 0.050581 -0.094117 -0.587887 -0.044478 0.996838 0.065847 97.052132 0.097150 -0.061284 0.993381 1.502139 0.000000 0.000000 0.000000 1.000000
0.994270 0.050602 -0.094166 -0.588528 -0.044465 0.996817 0.066165 97.051483 0.097214 -0.061599 0.993355 1.510577 0.000000 0.000000 0.000000 1.000000
0.994259 0.050703 -0.094221 -0.589499 -0.044529 0.996791 0.066515 97.052193 0.097291 -0.061937 0.993327 1.519116 0.000000 0.000000 0.000000 1.000000
0.994246 0.050875 -0.094266 -0.591523 -0.044664 0.996762 0.066867 97.053154 0.097362 -0.062272 0.993299 1.527631 0.000000 0.000000 0.000000 1.000000
0.994238 0.051094 -0.094238 -0.595263 -0.044852 0.996730 0.067210 97.052231 0.097363 -0.062596 0.993278 1.534490 0.000000 0.000000 0.000000 1.000000
0.994233 0.051344 -0.094148 -0.599322 -0.045069 0.996694 0.067602 97.048882 0.097308 -0.062969 0.993260 1.537593 0.000000 0.000000 0.000000 1.000000
0.994224 0.051607 -0.094103 -0.600664 -0.045290 0.996652 0.068072 97.044556 0.097301 -0.063417 0.993233 1.535223 0.000000 0.000000 0.000000 1.000000
0.994212 0.051853 -0.094097 -0.598578 -0.045493 0.996612 0.068520 97.040176 0.097331 -0.063843 0.993202 1.527534 0.000000 0.000000 0.000000 1.000000
0.994216 0.052075 -0.093925 -0.597144 -0.045694 0.996579 0.068858 97.035004 0.097189 -0.064168 0.993195 1.518141 0.000000 0.000000 0.000000 1.000000
0.994245 0.052289 -0.093506 -0.599515 -0.045907 0.996549 0.069152 97.029190 0.096799 -0.064461 0.993214 1.511837 0.000000 0.000000 0.000000 1.000000
0.994276 0.052485 -0.093057 -0.603112 -0.046096 0.996515 0.069523 97.024078 0.096382 -0.064836 0.993231 1.510530 0.000000 0.000000 0.000000 1.000000
0.994294 0.052644 -0.092775 -0.604453 -0.046225 0.996473 0.070037 97.020317 0.096135 -0.065349 0.993221 1.513472 0.000000 0.000000 0.000000 1.000000
0.994301 0.052778 -0.092628 -0.603470 -0.046301 0.996420 0.070730 97.016708 0.096029 -0.066038 0.993185 1.518789 0.000000 0.000000 0.000000 1.000000
0.994309 0.052919 -0.092465 -0.602468 -0.046370 0.996355 0.071594 97.011932 0.095917 -0.066899 0.993139 1.524506 0.000000 0.000000 0.000000 1.000000
0.994328 0.053067 -0.092177 -0.603684 -0.046446 0.996283 0.072550 97.005463 0.095685 -0.067857 0.993096 1.529115 0.000000 0.000000 0.000000 1.000000
0.994359 0.053219 -0.091747 -0.608372 -0.046533 0.996207 0.073530 96.997551 0.095312 -0.068846 0.993064 1.531467 0.000000 0.000000 0.000000 1.000000
0.994399 0.053404 -0.091212 -0.616772 -0.046663 0.996129 0.074498 96.989388 0.094837 -0.069824 0.993041 1.531559 0.000000 0.000000 0.000000 1.000000
0.994441 0.053619 -0.090621 -0.628367 -0.046839 0.996056 0.075358 96.983093 0.094304 -0.070695 0.993030 1.531582 0.000000 0.000000 0.000000 1.000000
0.994489 0.053784 -0.089992 -0.642170 -0.046991 0.996002 0.075968 96.979897 0.093718 -0.071320 0.993041 1.533669 0.000000 0.000000 0.000000 1.000000
0.994545 0.053833 -0.089343 -0.656741 -0.047056 0.995973 0.076307 96.978882 0.093091 -0.071686 0.993074 1.536110 0.000000 0.000000 0.000000 1.000000
0.994600 0.053784 -0.088764 -0.670107 -0.047033 0.995962 0.076469 96.978416 0.092518 -0.071881 0.993113 1.534365 0.000000 0.000000 0.000000 1.000000
0.994644 0.053700 -0.088317 -0.681277 -0.046978 0.995961 0.076511 96.977585 0.092069 -0.071952 0.993150 1.526352 0.000000 0.000000 0.000000 1.000000
0.994683 0.053648 -0.087906 -0.692049 -0.046961 0.995967 0.076447 96.976006 0.091653 -0.071912 0.993191 1.515060 0.000000 0.000000 0.000000 1.000000
0.994723 0.053629 -0.087460 -0.703973 -0.046986 0.995976 0.076316 96.973938 0.091200 -0.071804 0.993241 1.504463 0.000000 0.000000 0.000000 1.000000
0.994756 0.053562 -0.087135 -0.714230 -0.046957 0.995989 0.076171 96.972656 0.090865 -0.071680 0.993280 1.494855 0.000000 0.000000 0.000000 1.000000
0.994770 0.053402 -0.087066 -0.719917 -0.046813 0.996005 0.076042 96.973312 0.090779 -0.071569 0.993296 1.485054 0.000000 0.000000 0.000000 1.000000
0.994773 0.053190 -0.087160 -0.721913 -0.046605 0.996024 0.075920 96.975166 0.090851 -0.071461 0.993297 1.474168 0.000000 0.000000 0.000000 1.000000
0.994776 0.052989 -0.087254 -0.722669 -0.046411 0.996045 0.075759 96.976593 0.090923 -0.071314 0.993301 1.461310 0.000000 0.000000 0.000000 1.000000
0.994780 0.052830 -0.087307 -0.723014 -0.046268 0.996069 0.075542 96.976768 0.090955 -0.071109 0.993313 1.446726 0.000000 0.000000 0.000000 1.000000
0.994778 0.052720 -0.087390 -0.722120 -0.046172 0.996090 0.075321 96.976364 0.091019 -0.070893 0.993323 1.431968 0.000000 0.000000 0.000000 1.000000
0.994768 0.052645 -0.087547 -0.719410 -0.046100 0.996105 0.075169 96.976410 0.091163 -0.070740 0.993320 1.417895 0.000000 0.000000 0.000000 1.000000
0.994755 0.052576 -0.087737 -0.715547 -0.046026 0.996115 0.075077 96.977295 0.091343 -0.070646 0.993310 1.404062 0.000000 0.000000 0.000000 1.000000
0.994744 0.052510 -0.087901 -0.711378 -0.045958 0.996127 0.074965 96.978722 0.091497 -0.070532 0.993304 1.390113 0.000000 0.000000 0.000000 1.000000
0.994734 0.052463 -0.088043 -0.706606 -0.045917 0.996141 0.074798 96.979767 0.091628 -0.070362 0.993304 1.375708 0.000000 0.000000 0.000000 1.000000
0.994720 0.052461 -0.088202 -0.699422 -0.045917 0.996152 0.074654 96.979507 0.091779 -0.070210 0.993301 1.358989 0.000000 0.000000 0.000000 1.000000
0.994706 0.052518 -0.088327 -0.688736 -0.045970 0.996153 0.074601 96.977867 0.091905 -0.070146 0.993294 1.337510 0.000000 0.000000 0.000000 1.000000
0.994703 0.052638 -0.088294 -0.676054 -0.046096 0.996151 0.074557 96.976074 0.091878 -0.070092 0.993300 1.310811 0.000000 0.000000 0.000000 1.000000
0.994715 0.052799 -0.088059 -0.663999 -0.046290 0.996154 0.074394 96.975090 0.091648 -0.069924 0.993333 1.279854 0.000000 0.000000 0.000000 1.000000
0.994731 0.053007 -0.087754 -0.652284 -0.046545 0.996163 0.074118 96.974541 0.091346 -0.069643 0.993381 1.245415 0.000000 0.000000 0.000000 1.000000
0.994731 0.053277 -0.087586 -0.637720 -0.046853 0.996169 0.073839 96.974548 0.091185 -0.069346 0.993417 1.208832 0.000000 0.000000 0.000000 1.000000
0.994706 0.053555 -0.087699 -0.616819 -0.047144 0.996172 0.073608 96.976151 0.091305 -0.069084 0.993424 1.171890 0.000000 0.000000 0.000000 1.000000
0.994660 0.053749 -0.088103 -0.589379 -0.047331 0.996180 0.073388 96.979584 0.091711 -0.068826 0.993404 1.134954 0.000000 0.000000 0.000000 1.000000
0.994605 0.053846 -0.088661 -0.559465 -0.047411 0.996193 0.073161 96.983490 0.092263 -0.068563 0.993371 1.097755 0.000000 0.000000 0.000000 1.000000
0.994557 0.053928 -0.089158 -0.531687 -0.047474 0.996202 0.072987 96.986130 0.092755 -0.068357 0.993340 1.061346 0.000000 0.000000 0.000000 1.000000
0.994520 0.054067 -0.089482 -0.507231 -0.047602 0.996204 0.072876 96.987068 0.093082 -0.068217 0.993319 1.026700 0.000000 0.000000 0.000000 1.000000
0.994491 0.054257 -0.089684 -0.484463 -0.047791 0.996206 0.072735 96.986717 0.093290 -0.068049 0.993311 0.992946 0.000000 0.000000 0.000000 1.000000
0.994466 0.054456 -0.089841 -0.462703 -0.048005 0.996215 0.072467 96.986084 0.093447 -0.067753 0.993316 0.959531 0.000000 0.000000 0.000000 1.000000
0.994442 0.054639 -0.089993 -0.441967 -0.048216 0.996234 0.072065 96.986359 0.093592 -0.067325 0.993332 0.927439 0.000000 0.000000 0.000000 1.000000
0.994416 0.054798 -0.090186 -0.421750 -0.048406 0.996258 0.071606 96.988235 0.093773 -0.066840 0.993347 0.897628 0.000000 0.000000 0.000000 1.000000
0.994383 0.054934 -0.090464 -0.401488 -0.048562 0.996280 0.071194 96.991158 0.094039 -0.066401 0.993352 0.869491 0.000000 0.000000 0.000000 1.000000
0.994343 0.055056 -0.090834 -0.380822 -0.048689 0.996296 0.070884 96.993965 0.094400 -0.066060 0.993340 0.841208 0.000000 0.000000 0.000000 1.000000
0.994297 0.055190 -0.091260 -0.359812 -0.048819 0.996308 0.070624 96.996452 0.094821 -0.065766 0.993320 0.811394 0.000000 0.000000 0.000000 1.000000
0.994247 0.055354 -0.091703 -0.338672 -0.048987 0.996323 0.070287 96.999115 0.095257 -0.065391 0.993303 0.780630 0.000000 0.000000 0.000000 1.000000
0.994196 0.055523 -0.092153 -0.317160 -0.049175 0.996349 0.069785 97.002228 0.095691 -0.064849 0.993296 0.750791 0.000000 0.000000 0.000000 1.000000
0.994146 0.055636 -0.092622 -0.294286 -0.049319 0.996386 0.069150 97.006142 0.096134 -0.064177 0.993297 0.723150 0.000000 0.000000 0.000000 1.000000
0.994099 0.055673 -0.093104 -0.269293 -0.049391 0.996430 0.068473 97.011375 0.096584 -0.063471 0.993299 0.698094 0.000000 0.000000 0.000000 1.000000
0.994056 0.055677 -0.093559 -0.242481 -0.049427 0.996471 0.067839 97.017914 0.097006 -0.062811 0.993300 0.675746 0.000000 0.000000 0.000000 1.000000
0.994018 0.055694 -0.093951 -0.215112 -0.049472 0.996505 0.067310 97.024605 0.097371 -0.062259 0.993299 0.655275 0.000000 0.000000 0.000000 1.000000
0.993984 0.055738 -0.094279 -0.188034 -0.049532 0.996527 0.066938 97.029968 0.097682 -0.061866 0.993293 0.634857 0.000000 0.000000 0.000000 1.000000
0.993955 0.055800 -0.094551 -0.161244 -0.049597 0.996538 0.066731 97.033302 0.097947 -0.061638 0.993281 0.613492 0.000000 0.000000 0.000000 1.000000
0.993931 0.055881 -0.094754 -0.134728 -0.049673 0.996539 0.066654 97.035027 0.098151 -0.061543 0.993267 0.591942 0.000000 0.000000 0.000000 1.000000
0.993915 0.055991 -0.094857 -0.109155 -0.049774 0.996531 0.066691 97.035919 0.098262 -0.061563 0.993255 0.571686 0.000000 0.000000 0.000000 1.000000
0.993908 0.056124 -0.094851 -0.085818 -0.049892 0.996515 0.066843 97.036530 0.098272 -0.061704 0.993245 0.554184 0.000000 0.000000 0.000000 1.000000
0.993910 0.056263 -0.094752 -0.065357 -0.050012 0.996492 0.067099 97.037193 0.098195 -0.061951 0.993237 0.540524 0.000000 0.000000 0.000000 1.000000
0.993921 0.056414 -0.094543 -0.046743 -0.050146 0.996464 0.067414 97.037987 0.098012 -0.062263 0.993236 0.530111 0.000000 0.000000 0.000000 1.000000
0.993943 0.056594 -0.094201 -0.027933 -0.050316 0.996433 0.067744 97.039017 0.097699 -0.062593 0.993246 0.520850 0.000000 0.000000 0.000000 1.000000
0.993972 0.056780 -0.093788 -0.008134 -0.050496 0.996402 0.068074 97.040535 0.097316 -0.062928 0.993262 0.511614 0.000000 0.000000 0.000000 1.000000
0.993994 0.056927 -0.093461 0.011884 -0.050628 0.996370 0.068435 97.042183 0.097018 -0.063292 0.993268 0.502617 0.000000 0.000000 0.000000 1.000000
0.994001 0.057024 -0.093331 0.031818 -0.050693 0.996338 0.068850 97.042946 0.096916 -0.063706 0.993252 0.493611 0.000000 0.000000 0.000000 1.000000
0.993996 0.057083 -0.093342 0.052239 -0.050705 0.996304 0.069330 97.042099 0.096955 -0.064181 0.993217 0.483874 0.000000 0.000000 0.000000 1.000000
0.993997 0.057104 -0.093318 0.073117 -0.050676 0.996268 0.069866 97.040283 0.096960 -0.064718 0.993182 0.473309 0.000000 0.000000 0.000000 1.000000
0.994017 0.057109 -0.093111 0.093213 -0.050643 0.996233 0.070388 97.038040 0.096781 -0.065251 0.993165 0.462374 0.000000 0.000000 0.000000 1.000000
0.994051 0.057154 -0.092718 0.110605 -0.050671 0.996200 0.070837 97.035858 0.096414 -0.065718 0.993169 0.451532 0.000000 0.000000 0.000000 1.000000
0.994086 0.057274 -0.092266 0.124860 -0.050786 0.996168 0.071198 97.034363 0.095990 -0.066091 0.993186 0.441055 0.000000 0.000000 0.000000 1.000000
0.994115 0.057415 -0.091864 0.136924 -0.050933 0.996146 0.071413 97.033752 0.095610 -0.066313 0.993208 0.431266 0.000000 0.000000 0.000000 1.000000
0.994141 0.057509 -0.091519 0.147337 -0.051052 0.996141 0.071393 97.033371 0.095272 -0.066302 0.993241 0.422385 0.000000 0.000000 0.000000 1.000000
0.994167 0.057571 -0.091196 0.155493 -0.051162 0.996155 0.071121 97.032776 0.094940 -0.066040 0.993290 0.413603 0.000000 0.000000 0.000000 1.000000
0.994190 0.057669 -0.090884 0.161001 -0.051327 0.996180 0.070645 97.032143 0.094611 -0.065570 0.993353 0.403808 0.000000 0.000000 0.000000 1.000000
0.994206 0.057820 -0.090612 0.164419 -0.051554 0.996211 0.070038 97.031479 0.094318 -0.064961 0.993420 0.393703 0.000000 0.000000 0.000000 1.000000
0.994217 0.057986 -0.090385 0.166335 -0.051798 0.996245 0.069376 97.030563 0.094069 -0.064293 0.993488 0.385951 0.000000 0.000000 0.000000 1.000000
0.994229 0.058140 -0.090161 0.166699 -0.052025 0.996277 0.068746 97.029305 0.093822 -0.063659 0.993552 0.382316 0.000000 0.000000 0.000000 1.000000
0.994242 0.058299 -0.089911 0.164590 -0.052250 0.996301 0.068226 97.028511 0.093556 -0.063135 0.993610 0.382377 0.000000 0.000000 0.000000 1.000000
0.994254 0.058482 -0.089662 0.158692 -0.052484 0.996314 0.067854 97.028214 0.093300 -0.062758 0.993658 0.385898 0.000000 0.000000 0.000000 1.000000
0.994261 0.058656 -0.089466 0.149347 -0.052694 0.996319 0.067609 97.027504 0.093103 -0.062506 0.993693 0.394230 0.000000 0.000000 0.000000 1.000000
0.994263 0.058762 -0.089380 0.138410 -0.052823 0.996325 0.067420 97.026199 0.093013 -0.062312 0.993713 0.408460 0.000000 0.000000 0.000000 1.000000
0.994256 0.058788 -0.089433 0.127103 -0.052865 0.996337 0.067208 97.025375 0.093057 -0.062094 0.993723 0.427482 0.000000 0.000000 0.000000 1.000000
0.994240 0.058790 -0.089610 0.114853 -0.052881 0.996354 0.066944 97.025558 0.093219 -0.061820 0.993725 0.448834 0.000000 0.000000 0.000000 1.000000
0.994217 0.058824 -0.089847 0.100224 -0.052927 0.996371 0.066664 97.025848 0.093442 -0.061523 0.993722 0.471315 0.000000 0.000000 0.000000 1.000000
