<?xml version="1.0" encoding="utf-8"?>
<COLLADA xmlns="http://www.collada.org/2005/11/COLLADASchema" version="1.4.1">
  <asset>
    <contributor>
      <author>Mixamo</author>
      <authoring_tool>COLLADA Mixamo exporter</authoring_tool>
      <comments/>
    </contributor>
    <created>2023-11-14T01:20:27Z</created>
    <modified>2023-11-14T01:20:27Z</modified>
    <revision/>
    <title/>
    <unit meter="0.010000"/>
    <up_axis>Y_UP</up_axis>
  </asset>
  <library_animations>
    <animation id="mixamorig_Hips-anim" name="mixamorig_Hips">
      <source id="mixamorig_Hips-Matrix-animation-input">
        <float_array id="mixamorig_Hips-Matrix-animation-input-array" count="22">

0.000000 0.033333 0.066667 0.100000 0.133333 0.166667 0.200000 0.233333 0.266667 0.300000 0.333333 0.366667 0.400000 0.433333 0.466667 0.500000
0.533333 0.566667 0.600000 0.633333 0.666667 0.700000</float_array>
        <technique_common>
          <accessor source="#mixamorig_Hips-Matrix-animation-input-array" count="22">
            <param name="TIME" type="float"/>
          </accessor>
        </technique_common>
      </source>
      <source id="mixamorig_Hips-Matrix-animation-output-transform">
        <float_array id="mixamorig_Hips-Matrix-animation-output-transform-array" count="352">

0.997205 0.071617 -0.021271 0.087090 -0.074399 0.977890 -0.195439 86.753807 0.006803 0.196475 0.980485 1.450785 0.000000 0.000000 0.000000 1.000000
0.999563 0.005735 -0.029012 0.148706 -0.010444 0.986258 -0.164883 87.457787 0.027668 0.165114 0.985886 1.323978 0.000000 0.000000 0.000000 1.000000
0.996163 -0.083647 -0.025724 -0.042442 0.077902 0.981511 -0.174838 89.549370 0.039873 0.172163 0.984261 1.475263 0.000000 0.000000 0.000000 1.000000
0.981265 -0.192661 0.001024 -0.227426 0.189688 0.965163 -0.180217 91.335091 0.033732 0.177035 0.983626 1.414805 0.000000 0.000000 0.000000 1.000000
0.977604 -0.207163 0.037058 -0.198013 0.210435 0.960012 -0.184646 93.127998 0.002676 0.188309 0.982106 1.373678 0.000000 0.000000 0.000000 1.000000
0.988099 -0.146375 0.047263 -0.151449 0.152757 0.969821 -0.190033 93.689110 -0.018021 0.194992 0.980639 1.334702 0.000000 0.000000 0.000000 1.000000
0.994659 -0.094706 0.041043 -0.132159 0.099926 0.983154 -0.153043 93.321129 -0.025857 0.156327 0.987367 1.043965 0.000000 0.000000 0.000000 1.000000
0.996395 -0.036362 0.076645 0.009929 0.046367 0.990018 -0.133097 92.113564 -0.071040 0.136171 0.988135 0.829342 0.000000 0.000000 0.000000 1.000000
0.994968 -0.020195 0.098139 0.063139 0.033930 0.989517 -0.140376 89.899612 -0.094275 0.142999 0.985223 0.720594 0.000000 0.000000 0.000000 1.000000
0.995449 -0.030540 0.090267 -0.136599 0.045876 0.983844 -0.173051 88.087334 -0.083524 0.176404 0.980768 0.887495 0.000000 0.000000 0.000000 1.000000
0.996487 -0.042210 0.072327 -0.881326 0.054873 0.981547 -0.183181 86.167419 -0.063260 0.186506 0.980415 1.039211 0.000000 0.000000 0.000000 1.000000
0.997303 0.008292 0.072921 -1.607135 0.005122 0.983310 -0.181864 86.120728 -0.073212 0.181747 0.980616 1.325665 0.000000 0.000000 0.000000 1.000000
0.994230 0.068022 0.082950 -1.511826 -0.051531 0.981036 -0.186849 87.797791 -0.094087 0.181497 0.978880 1.641014 0.000000 0.000000 0.000000 1.000000
0.993938 0.103437 0.037262 -1.274126 -0.094857 0.978147 -0.185016 90.362946 -0.055585 0.180360 0.982029 1.671506 0.000000 0.000000 0.000000 1.000000
0.992589 0.121442 0.004347 -0.822262 -0.118689 0.976522 -0.179769 92.250977 -0.026076 0.177921 0.983699 1.507164 0.000000 0.000000 0.000000 1.000000
0.998364 0.055115 0.015227 -0.856131 -0.051830 0.984751 -0.166071 93.467316 -0.024147 0.165010 0.985996 1.350283 0.000000 0.000000 0.000000 1.000000
0.998039 -0.060983 0.014085 -1.176773 0.062362 0.988066 -0.140843 93.948639 -0.005328 0.141445 0.989932 1.229193 0.000000 0.000000 0.000000 1.000000
0.997777 -0.066537 -0.003681 -1.162268 0.065625 0.990692 -0.119257 93.431801 0.011582 0.118751 0.992857 1.039016 0.000000 0.000000 0.000000 1.000000
0.998750 -0.031762 -0.038589 -0.922815 0.027145 0.993022 -0.114758 91.998962 0.041965 0.113567 0.992644 1.036123 0.000000 0.000000 0.000000 1.000000
0.998512 0.032586 -0.043733 -0.321296 -0.037882 0.991267 -0.126311 89.843117 0.039235 0.127780 0.991026 1.206676 0.000000 0.000000 0.000000 1.000000
0.997130 0.071818 -0.023955 -0.083767 -0.074847 0.982713 -0.169329 87.808624 0.011380 0.170636 0.985268 1.408045 0.000000 0.000000 0.000000 1.000000
0.997205 0.071617 -0.021271 0.087090 -0.074399 0.977890 -0.195439 86.753807 0.006803 0.196475 0.980485 1.450784 0.000000 0.000000 0.000000 1.000000</float_array>
        <technique_common>
          <accessor source="#mixamorig_Hips-Matrix-animation-output-transform-array" count="22" stride="16">
            <param type="float4x4"/>
          </accessor>
        </technique_common>
      </source>
      <source id="mixamorig_Hips-Interpolations">
        <Name_array id="mixamorig_Hips-Interpolations-array" count="22">
 LINEAR LINEAR LINEAR LINEAR LINEAR LINEAR LINEAR LINEAR LINEAR LINEAR LINEAR
LINEAR LINEAR LINEAR LINEAR LINEAR LINEAR LINEAR LINEAR LINEAR LINEAR LINEAR</Name_array>
        <technique_common>
          <accessor source="#mixamorig_Hips-Interpolations-array" count="22">
            <param type="name"/>
          </accessor>
        </technique_common>
      </source>
      <sampler id="mixamorig_Hips-Matrix-animation-transform">
        <input semantic="INPUT" source="#mixamorig_Hips-Matrix-animation-input"/>
        <input semantic="OUTPUT" source="#mixamorig_Hips-Matrix-animation-output-transform"/>
        <input semantic="INTERPOLATION" source="#mixamorig_Hips-Interpolations"/>
      </sampler>
      <channel source="#mixamorig_Hips-Matrix-animation-transform" target="mixamorig_Hips/matrix"/>
    </animation>
    <animation id="mixamorig_Spine-anim" name="mixamorig_Spine">
      <source id="mixamorig_Spine-Matrix-animation-input">
        <float_array id="mixamorig_Spine-Matrix-animation-input-array" count="22">

0.000000 0.033333 0.066667 0.100000 0.133333 0.166667 0.200000 0.233333 0.266667 0.300000 0.333333 0.366667 0.400000 0.433333 0.466667 0.500000
0.533333 0.566667 0.600000 0.633333 0.666667 0.700000</float_array>
        <technique_common>
          <accessor source="#mixamorig_Spine-Matrix-animation-input-array" count="22">
            <param name="TIME" type="float"/>
          </accessor>
        </technique_common>
      </source>
      <source id="mixamorig_Spine-Matrix-animation-output-transform">
        <float_array id="mixamorig_Spine-Matrix-animation-output-transform-array" count="352">

0.993753 -0.110818 0.013222 -0.000000 0.111422 0.991912 -0.060793 10.246800 -0.006378 0.061887 0.998063 -1.182900 0.000000 0.000000 0.000000 1.000000
0.993595 -0.037495 0.106598 0.000000 0.045241 0.996435 -0.071202 10.246800 -0.103548 0.075569 0.991750 -1.182900 0.000000 0.000000 0.000000 1.000000
0.983728 0.065565 0.167271 0.000000 -0.056426 0.996673 -0.058819 10.246800 -0.170571 0.048423 0.984155 -1.182900 0.000000 0.000000 0.000000 1.000000
0.957424 0.198688 0.209432 -0.000000 -0.188917 0.979781 -0.065875 10.246800 -0.218286 0.023505 0.975602 -1.182900 0.000000 0.000000 0.000000 1.000000
0.941476 0.218337 0.256811 0.000000 -0.212577 0.975847 -0.050336 10.246800 -0.261598 -0.007202 0.965150 -1.182900 0.000000 0.000000 0.000000 1.000000
0.945324 0.156955 0.285881 0.000000 -0.158695 0.987177 -0.017225 10.246800 -0.284919 -0.029084 0.958110 -1.182900 0.000000 0.000000 0.000000 1.000000
0.959900 0.102752 0.260835 -0.000000 -0.102658 0.994618 -0.014023 10.246800 -0.260872 -0.013316 0.965282 -1.182900 0.000000 0.000000 0.000000 1.000000
0.985477 0.034732 0.166220 0.000000 -0.034652 0.999394 -0.003380 10.246800 -0.166236 -0.002429 0.986083 -1.182900 0.000000 0.000000 0.000000 1.000000
0.996978 0.017912 0.075586 0.000000 -0.018010 0.999838 0.000626 10.246800 -0.075563 -0.001985 0.997139 -1.182900 0.000000 0.000000 0.000000 1.000000
0.999410 0.034270 0.002379 0.000000 -0.034236 0.999331 -0.012850 10.246800 -0.002818 0.012761 0.999915 -1.182900 0.000000 0.000000 0.000000 1.000000
0.995842 0.065809 -0.062988 0.000000 -0.067962 0.997153 -0.032660 10.246800 0.060660 0.036805 0.997480 -1.182900 0.000000 0.000000 0.000000 1.000000
0.990638 0.020745 -0.134928 -0.000000 -0.027194 0.998565 -0.046135 10.246800 0.133777 0.049372 0.989781 -1.182900 0.000000 0.000000 0.000000 1.000000
0.976043 -0.039005 -0.214055 -0.000000 0.026839 0.997870 -0.059449 10.246800 0.215918 0.052280 0.975011 -1.182900 0.000000 0.000000 0.000000 1.000000
0.960988 -0.077117 -0.265621 0.000000 0.063428 0.996196 -0.059747 10.246800 0.269218 0.040569 0.962224 -1.182900 0.000000 0.000000 0.000000 1.000000
0.935113 -0.113150 -0.335800 0.000000 0.097397 0.993221 -0.063448 10.246800 0.340703 0.026625 0.939794 -1.182900 0.000000 0.000000 0.000000 1.000000
0.915841 -0.035238 -0.399993 -0.000000 0.024660 0.999197 -0.031565 10.246800 0.400784 0.019045 0.915975 -1.182900 0.000000 0.000000 0.000000 1.000000
0.906604 0.106269 -0.408382 0.000000 -0.105094 0.994138 0.025388 10.246800 0.408686 0.019902 0.912458 -1.182900 0.000000 0.000000 0.000000 1.000000
0.922146 0.105422 -0.372200 0.000000 -0.113447 0.993544 0.000340 10.246800 0.369833 0.041911 0.928153 -1.182900 0.000000 0.000000 0.000000 1.000000
0.951682 0.057768 -0.301602 0.000000 -0.072122 0.996722 -0.036667 10.246800 0.298495 0.056648 0.952729 -1.182900 0.000000 0.000000 0.000000 1.000000
0.978666 -0.043637 -0.200770 0.000000 0.030903 0.997333 -0.066127 10.246800 0.203120 0.058512 0.977404 -1.182900 0.000000 0.000000 0.000000 1.000000
0.988784 -0.108168 -0.102989 0.000000 0.101701 0.992616 -0.066113 10.246800 0.109380 0.054897 0.992483 -1.182900 0.000000 0.000000 0.000000 1.000000
0.993753 -0.110818 0.013222 0.000000 0.111422 0.991912 -0.060793 10.246800 -0.006378 0.061887 0.998063 -1.182900 0.000000 0.000000 0.000000 1.000000</float_array>
        <technique_common>
          <accessor source="#mixamorig_Spine-Matrix-animation-output-transform-array" count="22" stride="16">
            <param type="float4x4"/>
          </accessor>
        </technique_common>
      </source>
      <source id="mixamorig_Spine-Interpolations">
        <Name_array id="mixamorig_Spine-Interpolations-array" count="22">
 LINEAR LINEAR LINEAR LINEAR LINEAR LINEAR LINEAR LINEAR LINEAR LINEAR LINEAR
LINEAR LINEAR LINEAR LINEAR LINEAR LINEAR LINEAR LINEAR LINEAR LINEAR LINEAR</Name_array>
        <technique_common>
          <accessor source="#mixamorig_Spine-Interpolations-array" count="22">
            <param type="name"/>
          </accessor>
        </technique_common>
      </source>
      <sampler id="mixamorig_Spine-Matrix-animation-transform">
        <input semantic="INPUT" source="#mixamorig_Spine-Matrix-animation-input"/>
        <input semantic="OUTPUT" source="#mixamorig_Spine-Matrix-animation-output-transform"/>
        <input semantic="INTERPOLATION" source="#mixamorig_Spine-Interpolations"/>
      </sampler>
      <channel source="#mixamorig_Spine-Matrix-animation-transform" target="mixamorig_Spine/matrix"/>
    </animation>
    <animation id="mixamorig_Spine1-anim" name="mixamorig_Spine1">
      <source id="mixamorig_Spine1-Matrix-animation-input">
        <float_array id="mixamorig_Spine1-Matrix-animation-input-array" count="22">

0.000000 0.033333 0.066667 0.100000 0.133333 0.166667 0.200000 0.233333 0.266667 0.300000 0.333333 0.366667 0.400000 0.433333 0.466667 0.500000
0.533333 0.566667 0.600000 0.633333 0.666667 0.700000</float_array>
        <technique_common>
          <accessor source="#mixamorig_Spine1-Matrix-animation-input-array" count="22">
            <param name="TIME" type="float"/>
          </accessor>
        </technique_common>
      </source>
      <source id="mixamorig_Spine1-Matrix-animation-output-transform">
        <float_array id="mixamorig_Spine1-Matrix-animation-output-transform-array" count="352">

0.999960 -0.008722 -0.001833 0.000000 0.008652 0.999335 -0.035412 12.034000 0.002141 0.035394 0.999371 -0.000000 0.000000 0.000000 0.000000 1.000000
0.998894 -0.008590 0.046230 0.000000 0.010561 0.999038 -0.042559 12.034000 -0.045820 0.043000 0.998024 -0.000000 0.000000 0.000000 0.000000 1.000000
0.997285 -0.006197 0.073378 0.000000 0.008501 0.999479 -0.031123 12.034000 -0.073147 0.031663 0.996818 0.000000 0.000000 0.000000 0.000000 1.000000
0.996321 -0.001257 0.085692 0.000000 0.003056 0.999778 -0.020859 12.034000 -0.085646 0.021044 0.996103 0.000000 0.000000 0.000000 0.000000 1.000000
0.995111 0.002199 0.098736 0.000000 -0.001408 0.999966 -0.008082 12.034000 -0.098751 0.007904 0.995081 0.000000 0.000000 0.000000 0.000000 1.000000
0.994503 -0.004480 0.104608 0.000000 0.004149 0.999986 0.003377 12.034000 -0.104622 -0.002924 0.994508 -0.000000 0.000000 0.000000 0.000000 1.000000
0.995413 -0.004864 0.095543 -0.000000 0.005071 0.999985 -0.001926 12.034000 -0.095533 0.002401 0.995423 0.000000 0.000000 0.000000 0.000000 1.000000
0.997214 0.002778 0.074536 -0.000000 -0.002396 0.999984 -0.005213 12.034000 -0.074549 0.005020 0.997205 0.000000 0.000000 0.000000 0.000000 1.000000
0.998581 0.012725 0.051714 0.000000 -0.012518 0.999912 -0.004317 12.034000 -0.051765 0.003664 0.998653 0.000000 0.000000 0.000000 0.000000 1.000000
0.999557 0.022182 0.019858 0.000000 -0.022066 0.999738 -0.006052 12.034000 -0.019987 0.005611 0.999785 0.000000 0.000000 0.000000 0.000000 1.000000
0.999545 0.025915 -0.015403 0.000000 -0.026061 0.999617 -0.009356 12.034000 0.015155 0.009753 0.999838 -0.000000 0.000000 0.000000 0.000000 1.000000
0.998369 0.021607 -0.052849 0.000000 -0.022357 0.999657 -0.013626 12.034000 0.052537 0.014785 0.998510 0.000000 0.000000 0.000000 0.000000 1.000000
0.995126 0.016087 -0.097294 0.000000 -0.017763 0.999708 -0.016383 12.034000 0.097002 0.018031 0.995121 0.000000 0.000000 0.000000 0.000000 1.000000
0.991928 0.011030 -0.126319 0.000000 -0.012633 0.999849 -0.011898 12.034000 0.126169 0.013398 0.991918 0.000000 0.000000 0.000000 0.000000 1.000000
0.989353 0.011938 -0.145048 0.000000 -0.013099 0.999889 -0.007047 12.034000 0.144948 0.008872 0.989399 0.000000 0.000000 0.000000 0.000000 1.000000
0.988340 0.015374 -0.151482 0.000000 -0.016472 0.999846 -0.005994 12.034000 0.151367 0.008419 0.988442 0.000000 0.000000 0.000000 0.000000 1.000000
0.987483 0.022364 -0.156133 0.000000 -0.023576 0.999705 -0.005913 12.034000 0.155954 0.009520 0.987718 -0.000000 0.000000 0.000000 0.000000 1.000000
0.988254 0.029964 -0.149854 0.000000 -0.032527 0.999363 -0.014683 12.034000 0.149319 0.019385 0.988599 0.000000 0.000000 0.000000 0.000000 1.000000
0.991430 0.018033 -0.129391 0.000000 -0.021639 0.999414 -0.026518 12.034000 0.128837 0.029091 0.991239 0.000000 0.000000 0.000000 0.000000 1.000000
0.995155 0.005572 -0.098158 0.000000 -0.008563 0.999511 -0.030080 12.034000 0.097943 0.030775 0.994716 0.000000 0.000000 0.000000 0.000000 1.000000
0.998329 -0.000078 -0.057787 0.000000 -0.001710 0.999521 -0.030889 12.034000 0.057762 0.030936 0.997851 0.000000 0.000000 0.000000 0.000000 1.000000
0.999960 -0.008722 -0.001833 -0.000000 0.008652 0.999335 -0.035412 12.034000 0.002141 0.035394 0.999371 0.000000 0.000000 0.000000 0.000000 1.000000</float_array>
        <technique_common>
          <accessor source="#mixamorig_Spine1-Matrix-animation-output-transform-array" count="22" stride="16">
            <param type="float4x4"/>
          </accessor>
        </technique_common>
      </source>
      <source id="mixamorig_Spine1-Interpolations">
        <Name_array id="mixamorig_Spine1-Interpolations-array" count="22">
 LINEAR LINEAR LINEAR LINEAR LINEAR LINEAR LINEAR LINEAR LINEAR LINEAR LINEAR
LINEAR LINEAR LINEAR LINEAR LINEAR LINEAR LINEAR LINEAR LINEAR LINEAR LINEAR</Name_array>
        <technique_common>
          <accessor source="#mixamorig_Spine1-Interpolations-array" count="22">
            <param type="name"/>
          </accessor>
        </technique_common>
      </source>
      <sampler id="mixamorig_Spine1-Matrix-animation-transform">
        <input semantic="INPUT" source="#mixamorig_Spine1-Matrix-animation-input"/>
        <input semantic="OUTPUT" source="#mixamorig_Spine1-Matrix-animation-output-transform"/>
        <input semantic="INTERPOLATION" source="#mixamorig_Spine1-Interpolations"/>
      </sampler>
      <channel source="#mixamorig_Spine1-Matrix-animation-transform" target="mixamorig_Spine1/matrix"/>
    </animation>
    <animation id="mixamorig_Spine2-anim" name="mixamorig_Spine2">
      <source id="mixamorig_Spine2-Matrix-animation-input">
        <float_array id="mixamorig_Spine2-Matrix-animation-input-array" count="22">

0.000000 0.033333 0.066667 0.100000 0.133333 0.166667 0.200000 0.233333 0.266667 0.300000 0.333333 0.366667 0.400000 0.433333 0.466667 0.500000
0.533333 0.566667 0.600000 0.633333 0.666667 0.700000</float_array>
        <technique_common>
          <accessor source="#mixamorig_Spine2-Matrix-animation-input-array" count="22">
            <param name="TIME" type="float"/>
          </accessor>
        </technique_common>
      </source>
      <source id="mixamorig_Spine2-Matrix-animation-output-transform">
        <float_array id="mixamorig_Spine2-Matrix-animation-output-transform-array" count="352">

0.999994 -0.003129 -0.001284 0.000000 0.003006 0.996210 -0.086934 13.753100 0.001551 0.086929 0.996213 0.000000 0.000000 0.000000 0.000000 1.000000
0.998873 -0.002658 0.047396 0.000000 0.007102 0.995562 -0.093838 13.753100 -0.046936 0.094068 0.994459 0.000000 0.000000 0.000000 0.000000 1.000000
0.997187 -0.000111 0.074955 0.000000 0.006220 0.996672 -0.081273 13.753100 -0.074696 0.081511 0.993869 0.000000 0.000000 0.000000 0.000000 1.000000
0.996159 0.005218 0.087404 -0.000000 0.000870 0.997583 -0.069473 13.753100 -0.087555 0.069282 0.993747 0.000000 0.000000 0.000000 0.000000 1.000000
0.994934 0.009338 0.100099 0.000000 -0.003755 0.998434 -0.055812 13.753100 -0.100463 0.055153 0.993411 -0.000000 0.000000 0.000000 0.000000 1.000000
0.994388 0.002814 0.105753 0.000000 0.001918 0.999002 -0.044617 13.753100 -0.105773 0.044570 0.993391 0.000000 0.000000 0.000000 0.000000 1.000000
0.995305 0.002699 0.096746 -0.000000 0.002260 0.998690 -0.051112 13.753100 -0.096757 0.051091 0.993996 0.000000 0.000000 0.000000 0.000000 1.000000
0.997089 0.010266 0.075551 0.000000 -0.006053 0.998425 -0.055780 13.753100 -0.076005 0.055161 0.995581 -0.000000 0.000000 0.000000 0.000000 1.000000
0.998431 0.019707 0.052409 0.000000 -0.016795 0.998321 -0.055437 13.753100 -0.053414 0.054470 0.997086 0.000000 0.000000 0.000000 0.000000 1.000000
0.999396 0.028252 0.020245 0.000000 -0.027052 0.997991 -0.057289 13.753100 -0.021823 0.056707 0.998152 0.000000 0.000000 0.000000 0.000000 1.000000
0.999401 0.030849 -0.015672 0.000000 -0.031746 0.997652 -0.060682 13.753100 0.013764 0.061143 0.998034 0.000000 0.000000 0.000000 0.000000 1.000000
0.998278 0.024870 -0.053126 0.000000 -0.028297 0.997499 -0.064766 13.753100 0.051382 0.066158 0.996485 0.000000 0.000000 0.000000 0.000000 1.000000
0.995094 0.018490 -0.097196 0.000000 -0.025069 0.997444 -0.066904 13.753100 0.095710 0.069012 0.993014 -0.000000 0.000000 0.000000 0.000000 1.000000
0.991917 0.012897 -0.126235 0.000000 -0.020771 0.997906 -0.061260 13.753100 0.125180 0.063387 0.990107 0.000000 0.000000 0.000000 0.000000 1.000000
0.989318 0.014157 -0.145081 -0.000000 -0.022273 0.998267 -0.054467 13.753100 0.144059 0.057117 0.987919 0.000000 0.000000 0.000000 0.000000 1.000000
0.988359 0.018049 -0.151062 -0.000000 -0.026402 0.998220 -0.053472 13.753100 0.149828 0.056838 0.987077 0.000000 0.000000 0.000000 0.000000 1.000000
0.987502 0.025669 -0.155504 -0.000000 -0.034490 0.997929 -0.054295 13.753100 0.153788 0.058979 0.986342 0.000000 0.000000 0.000000 0.000000 1.000000
0.988177 0.034023 -0.149497 0.000000 -0.043803 0.997076 -0.062619 13.753100 0.146930 0.068427 0.986777 0.000000 0.000000 0.000000 0.000000 1.000000
0.991366 0.022547 -0.129169 0.000000 -0.032417 0.996670 -0.074825 13.753100 0.127052 0.078366 0.988796 0.000000 0.000000 0.000000 0.000000 1.000000
0.995136 0.010402 -0.097958 0.000000 -0.018215 0.996692 -0.079203 13.753100 0.096810 0.080602 0.992034 0.000000 0.000000 0.000000 0.000000 1.000000
0.998328 0.005371 -0.057546 -0.000000 -0.010044 0.996645 -0.081231 13.753100 0.056917 0.081674 0.995033 0.000000 0.000000 0.000000 0.000000 1.000000
0.999994 -0.003129 -0.001284 -0.000000 0.003006 0.996210 -0.086934 13.753100 0.001551 0.086929 0.996213 -0.000000 0.000000 0.000000 0.000000 1.000000</float_array>
        <technique_common>
          <accessor source="#mixamorig_Spine2-Matrix-animation-output-transform-array" count="22" stride="16">
            <param type="float4x4"/>
          </accessor>
        </technique_common>
      </source>
      <source id="mixamorig_Spine2-Interpolations">
        <Name_array id="mixamorig_Spine2-Interpolations-array" count="22">
 LINEAR LINEAR LINEAR LINEAR LINEAR LINEAR LINEAR LINEAR LINEAR LINEAR LINEAR
LINEAR LINEAR LINEAR LINEAR LINEAR LINEAR LINEAR LINEAR LINEAR LINEAR LINEAR</Name_array>
        <technique_common>
          <accessor source="#mixamorig_Spine2-Interpolations-array" count="22">
            <param type="name"/>
          </accessor>
        </technique_common>
      </source>
      <sampler id="mixamorig_Spine2-Matrix-animation-transform">
        <input semantic="INPUT" source="#mixamorig_Spine2-Matrix-animation-input"/>
        <input semantic="OUTPUT" source="#mixamorig_Spine2-Matrix-animation-output-transform"/>
        <input semantic="INTERPOLATION" source="#mixamorig_Spine2-Interpolations"/>
      </sampler>
      <channel source="#mixamorig_Spine2-Matrix-animation-transform" target="mixamorig_Spine2/matrix"/>
    </animation>
    <animation id="mixamorig_Neck-anim" name="mixamorig_Neck">
      <source id="mixamorig_Neck-Matrix-animation-input">
        <float_array id="mixamorig_Neck-Matrix-animation-input-array" count="22">

0.000000 0.033333 0.066667 0.100000 0.133333 0.166667 0.200000 0.233333 0.266667 0.300000 0.333333 0.366667 0.400000 0.433333 0.466667 0.500000
0.533333 0.566667 0.600000 0.633333 0.666667 0.700000</float_array>
        <technique_common>
          <accessor source="#mixamorig_Neck-Matrix-animation-input-array" count="22">
            <param name="TIME" type="float"/>
          </accessor>
        </technique_common>
      </source>
      <source id="mixamorig_Neck-Matrix-animation-output-transform">
        <float_array id="mixamorig_Neck-Matrix-animation-output-transform-array" count="352">

0.999970 0.004850 -0.005963 -0.000000 -0.005130 0.998840 -0.047873 15.472300 0.005724 0.047902 0.998836 0.000000 0.000000 0.000000 0.000000 1.000000
0.999451 0.001539 -0.033081 0.000000 -0.003348 0.998498 -0.054694 15.472300 0.032947 0.054775 0.997955 -0.000000 0.000000 0.000000 0.000000 1.000000
0.998808 0.024033 -0.042475 0.000000 -0.026866 0.997363 -0.067421 15.472300 0.040742 0.068481 0.996820 0.000000 0.000000 0.000000 0.000000 1.000000
0.998440 0.001062 -0.055820 -0.000000 -0.004864 0.997672 -0.068021 15.472300 0.055618 0.068187 0.996121 0.000000 0.000000 0.000000 0.000000 1.000000
0.997804 0.000383 -0.066231 -0.000000 -0.005562 0.996936 -0.078019 15.472300 0.065998 0.078216 0.994749 0.000000 0.000000 0.000000 0.000000 1.000000
0.997510 0.027251 -0.065054 0.000000 -0.033329 0.994990 -0.094259 15.472300 0.062159 0.096193 0.993420 0.000000 0.000000 0.000000 0.000000 1.000000
0.997994 0.017706 -0.060787 0.000000 -0.023271 0.995479 -0.092090 15.472300 0.058881 0.093319 0.993894 -0.000000 0.000000 0.000000 0.000000 1.000000
0.998711 0.015572 -0.048306 0.000000 -0.019908 0.995687 -0.090619 15.472300 0.046686 0.091464 0.994713 0.000000 0.000000 0.000000 0.000000 1.000000
0.999365 0.012953 -0.033180 0.000000 -0.015738 0.996247 -0.085114 15.472300 0.031953 0.085582 0.995819 0.000000 0.000000 0.000000 0.000000 1.000000
0.999843 0.001727 -0.017623 0.000000 -0.002821 0.998058 -0.062229 15.472300 0.017481 0.062269 0.997906 0.000000 0.000000 0.000000 0.000000 1.000000
0.999684 -0.025064 -0.001698 0.000000 0.024942 0.998352 -0.051690 15.472300 0.002991 0.051631 0.998662 0.000000 0.000000 0.000000 0.000000 1.000000
0.999763 -0.007244 0.020518 -0.000000 0.008556 0.997876 -0.064584 15.472300 -0.020007 0.064744 0.997701 -0.000000 0.000000 0.000000 0.000000 1.000000
0.998745 -0.035298 0.035540 0.000000 0.037806 0.996647 -0.072562 15.472300 -0.032860 0.073815 0.996730 0.000000 0.000000 0.000000 0.000000 1.000000
0.997978 -0.027544 0.057276 0.000000 0.031506 0.997087 -0.069462 15.472300 -0.055196 0.071126 0.995939 0.000000 0.000000 0.000000 0.000000 1.000000
0.996738 0.001946 0.080686 0.000000 0.002832 0.998250 -0.059063 15.472300 -0.080659 0.059099 0.994988 0.000000 0.000000 0.000000 0.000000 1.000000
0.996210 -0.012509 0.086080 0.000000 0.018612 0.997341 -0.070466 15.472300 -0.084970 0.071801 0.993793 0.000000 0.000000 0.000000 0.000000 1.000000
0.995533 -0.045314 0.082830 0.000000 0.053008 0.994237 -0.093181 15.472300 -0.078131 0.097156 0.992198 0.000000 0.000000 0.000000 0.000000 1.000000
0.995363 -0.055968 0.078237 0.000000 0.063028 0.993864 -0.090890 15.472300 -0.072669 0.095400 0.992783 0.000000 0.000000 0.000000 0.000000 1.000000
0.996859 -0.033754 0.071638 0.000000 0.038748 0.996829 -0.069503 15.472300 -0.069065 0.072060 0.995006 0.000000 0.000000 0.000000 0.000000 1.000000
0.998311 -0.000334 0.058088 0.000000 0.003319 0.998678 -0.051288 15.472300 -0.057994 0.051394 0.996993 0.000000 0.000000 0.000000 0.000000 1.000000
0.999499 0.008562 0.030467 0.000000 -0.007065 0.998778 -0.048922 15.472300 -0.030849 0.048683 0.998338 0.000000 0.000000 0.000000 0.000000 1.000000
0.999970 0.004850 -0.005963 0.000000 -0.005130 0.998840 -0.047873 15.472300 0.005724 0.047902 0.998836 0.000000 0.000000 0.000000 0.000000 1.000000</float_array>
        <technique_common>
          <accessor source="#mixamorig_Neck-Matrix-animation-output-transform-array" count="22" stride="16">
            <param type="float4x4"/>
          </accessor>
        </technique_common>
      </source>
      <source id="mixamorig_Neck-Interpolations">
        <Name_array id="mixamorig_Neck-Interpolations-array" count="22">
 LINEAR LINEAR LINEAR LINEAR LINEAR LINEAR LINEAR LINEAR LINEAR LINEAR LINEAR
LINEAR LINEAR LINEAR LINEAR LINEAR LINEAR LINEAR LINEAR LINEAR LINEAR LINEAR</Name_array>
        <technique_common>
          <accessor source="#mixamorig_Neck-Interpolations-array" count="22">
            <param type="name"/>
          </accessor>
        </technique_common>
      </source>
      <sampler id="mixamorig_Neck-Matrix-animation-transform">
        <input semantic="INPUT" source="#mixamorig_Neck-Matrix-animation-input"/>
        <input semantic="OUTPUT" source="#mixamorig_Neck-Matrix-animation-output-transform"/>
        <input semantic="INTERPOLATION" source="#mixamorig_Neck-Interpolations"/>
      </sampler>
      <channel source="#mixamorig_Neck-Matrix-animation-transform" target="mixamorig_Neck/matrix"/>
    </animation>
    <animation id="mixamorig_Head-anim" name="mixamorig_Head">
      <source id="mixamorig_Head-Matrix-animation-input">
        <float_array id="mixamorig_Head-Matrix-animation-input-array" count="22">

0.000000 0.033333 0.066667 0.100000 0.133333 0.166667 0.200000 0.233333 0.266667 0.300000 0.333333 0.366667 0.400000 0.433333 0.466667 0.500000
0.533333 0.566667 0.600000 0.633333 0.666667 0.700000</float_array>
        <technique_common>
          <accessor source="#mixamorig_Head-Matrix-animation-input-array" count="22">
            <param name="TIME" type="float"/>
          </accessor>
        </technique_common>
      </source>
      <source id="mixamorig_Head-Matrix-animation-output-transform">
        <float_array id="mixamorig_Head-Matrix-animation-output-transform-array" count="352">

0.998399 0.054764 0.014124 -0.000000 -0.056531 0.958949 0.277887 6.121700 0.001674 -0.278240 0.960510 2.117600 0.000000 0.000000 0.000000 1.000000
0.989400 0.074373 -0.124724 0.000000 -0.039608 0.964537 0.260959 6.121700 0.139709 -0.253253 0.957259 2.117600 0.000000 0.000000 0.000000 1.000000
0.971698 0.020755 -0.235311 0.000000 0.025127 0.981400 0.190323 6.121700 0.234885 -0.190849 0.953103 2.117600 0.000000 0.000000 0.000000 1.000000
0.952070 -0.005717 -0.305826 0.000000 0.047649 0.990392 0.129822 6.121700 0.302145 -0.138173 0.943195 2.117600 0.000000 0.000000 0.000000 1.000000
0.917800 -0.036765 -0.395336 0.000000 0.074311 0.994015 0.080079 6.121700 0.390026 -0.102874 0.915039 2.117600 0.000000 0.000000 0.000000 1.000000
0.896920 -0.064710 -0.437432 0.000000 0.087056 0.995715 0.031204 6.121700 0.433538 -0.066068 0.898710 2.117600 0.000000 0.000000 0.000000 1.000000
0.915019 -0.058461 -0.399153 0.000000 0.068295 0.997610 0.010448 6.121700 0.397589 -0.036820 0.916825 2.117600 0.000000 0.000000 0.000000 1.000000
0.944794 -0.049934 -0.323837 0.000000 0.060101 0.997962 0.021463 6.121700 0.322105 -0.039741 0.945869 2.117600 0.000000 0.000000 0.000000 1.000000
0.972025 -0.043426 -0.230828 0.000000 0.055662 0.997354 0.046763 6.121700 0.228187 -0.058303 0.971870 2.117600 0.000000 0.000000 0.000000 1.000000
0.991883 -0.023806 -0.124905 0.000000 0.039931 0.990940 0.128234 6.121700 0.120720 -0.132180 0.983847 2.117600 0.000000 0.000000 0.000000 1.000000
0.999641 -0.024602 0.010616 0.000000 0.021865 0.977982 0.207540 6.121700 -0.015488 -0.207234 0.978169 2.117600 0.000000 0.000000 0.000000 1.000000
0.993009 -0.041417 0.110537 -0.000000 0.016527 0.975983 0.217218 6.121700 -0.116879 -0.213873 0.969844 2.117600 0.000000 0.000000 0.000000 1.000000
0.969125 -0.017091 0.245977 -0.000000 -0.036029 0.977072 0.209840 6.121700 -0.243923 -0.212224 0.946289 2.117600 0.000000 0.000000 0.000000 1.000000
0.929141 -0.000617 0.369726 0.000000 -0.067609 0.982854 0.171544 6.121700 -0.363493 -0.184385 0.913168 2.117600 0.000000 0.000000 0.000000 1.000000
0.885980 0.006698 0.463674 0.000000 -0.065702 0.991622 0.111217 6.121700 -0.459045 -0.129001 0.878998 2.117600 0.000000 0.000000 0.000000 1.000000
0.853810 0.024106 0.520027 -0.000000 -0.067856 0.995558 0.065260 6.121700 -0.516144 -0.091007 0.851653 2.117600 0.000000 0.000000 0.000000 1.000000
0.844130 0.035657 0.534951 -0.000000 -0.078285 0.995289 0.057188 6.121700 -0.530392 -0.090153 0.842945 2.117600 0.000000 0.000000 0.000000 1.000000
0.858920 0.020918 0.511682 0.000000 -0.079488 0.992502 0.092855 6.121700 -0.505903 -0.120427 0.854143 2.117600 0.000000 0.000000 0.000000 1.000000
0.893553 0.005191 0.448928 -0.000000 -0.076349 0.987125 0.140552 6.121700 -0.442419 -0.159866 0.882445 2.117600 0.000000 0.000000 0.000000 1.000000
0.943098 0.003113 0.332499 -0.000000 -0.062970 0.983534 0.169400 6.121700 -0.326497 -0.180698 0.927765 2.117600 0.000000 0.000000 0.000000 1.000000
0.982797 0.010230 0.184404 0.000000 -0.050468 0.975338 0.214869 6.121700 -0.177658 -0.220479 0.959076 2.117600 0.000000 0.000000 0.000000 1.000000
0.998399 0.054764 0.014124 0.000000 -0.056531 0.958949 0.277887 6.121700 0.001674 -0.278240 0.960510 2.117600 0.000000 0.000000 0.000000 1.000000</float_array>
        <technique_common>
          <accessor source="#mixamorig_Head-Matrix-animation-output-transform-array" count="22" stride="16">
            <param type="float4x4"/>
          </accessor>
        </technique_common>
      </source>
      <source id="mixamorig_Head-Interpolations">
        <Name_array id="mixamorig_Head-Interpolations-array" count="22">
 LINEAR LINEAR LINEAR LINEAR LINEAR LINEAR LINEAR LINEAR LINEAR LINEAR LINEAR
LINEAR LINEAR LINEAR LINEAR LINEAR LINEAR LINEAR LINEAR LINEAR LINEAR LINEAR</Name_array>
        <technique_common>
          <accessor source="#mixamorig_Head-Interpolations-array" count="22">
            <param type="name"/>
          </accessor>
        </technique_common>
      </source>
      <sampler id="mixamorig_Head-Matrix-animation-transform">
        <input semantic="INPUT" source="#mixamorig_Head-Matrix-animation-input"/>
        <input semantic="OUTPUT" source="#mixamorig_Head-Matrix-animation-output-transform"/>
        <input semantic="INTERPOLATION" source="#mixamorig_Head-Interpolations"/>
      </sampler>
      <channel source="#mixamorig_Head-Matrix-animation-transform" target="mixamorig_Head/matrix"/>
    </animation>
    <animation id="mixamorig_LeftShoulder-anim" name="mixamorig_LeftShoulder">
      <source id="mixamorig_LeftShoulder-Matrix-animation-input">
        <float_array id="mixamorig_LeftShoulder-Matrix-animation-input-array" count="22">

0.000000 0.033333 0.066667 0.100000 0.133333 0.166667 0.200000 0.233333 0.266667 0.300000 0.333333 0.366667 0.400000 0.433333 0.466667 0.500000
0.533333 0.566667 0.600000 0.633333 0.666667 0.700000</float_array>
        <technique_common>
          <accessor source="#mixamorig_LeftShoulder-Matrix-animation-input-array" count="22">
            <param name="TIME" type="float"/>
          </accessor>
        </technique_common>
      </source>
      <source id="mixamorig_LeftShoulder-Matrix-animation-output-transform">
        <float_array id="mixamorig_LeftShoulder-Matrix-animation-output-transform-array" count="352">

0.023357 0.894140 -0.447179 6.584100 0.017554 -0.447599 -0.894062 13.677400 -0.999573 0.013033 -0.026150 -0.199400 0.000000 0.000000 0.000000 1.000000
0.024535 0.903733 -0.427393 6.584100 0.016635 -0.427832 -0.903705 13.677400 -0.999561 0.015063 -0.025530 -0.199400 0.000000 0.000000 0.000000 1.000000
-0.017436 0.920879 -0.389459 6.584100 0.014515 -0.389244 -0.921020 13.677400 -0.999743 -0.021712 -0.006579 -0.199400 0.000000 0.000000 0.000000 1.000000
-0.055151 0.938070 -0.342027 6.584100 0.010058 -0.342009 -0.939643 13.677400 -0.998427 -0.055262 0.009427 -0.199400 0.000000 0.000000 0.000000 1.000000
-0.044447 0.959269 -0.278977 6.584100 0.005538 -0.279012 -0.960272 13.677400 -0.998996 -0.044227 0.007089 -0.199400 0.000000 0.000000 0.000000 1.000000
-0.035842 0.968218 -0.247527 6.584100 0.001869 -0.247621 -0.968855 13.677400 -0.999356 -0.035188 0.007065 -0.199400 0.000000 0.000000 0.000000 1.000000
-0.042251 0.969808 -0.240182 6.584100 -0.000439 -0.240415 -0.970670 13.677400 -0.999107 -0.040906 0.010584 -0.199400 0.000000 0.000000 0.000000 1.000000
-0.021847 0.963926 -0.265271 6.584100 0.006203 -0.265199 -0.964174 13.677400 -0.999742 -0.022710 -0.000185 -0.199400 0.000000 0.000000 0.000000 1.000000
0.027343 0.934875 -0.353923 6.584100 0.013520 -0.354369 -0.935008 13.677400 -0.999535 0.020781 -0.022330 -0.199400 0.000000 0.000000 0.000000 1.000000
0.087977 0.881520 -0.463878 6.584100 0.016201 -0.466888 -0.884168 13.677400 -0.995991 0.070272 -0.055357 -0.199400 0.000000 0.000000 0.000000 1.000000
0.101650 0.863590 -0.493841 6.584100 0.015752 -0.497747 -0.867179 13.677400 -0.994695 0.080370 -0.064199 -0.199400 0.000000 0.000000 0.000000 1.000000
0.113931 0.866724 -0.485603 6.584100 0.015232 -0.490252 -0.871448 13.677400 -0.993372 0.091888 -0.069057 -0.199400 0.000000 0.000000 0.000000 1.000000
0.143535 0.894869 -0.422619 6.584100 0.015008 -0.428961 -0.903199 13.677400 -0.989531 0.123298 -0.075001 -0.199400 0.000000 0.000000 0.000000 1.000000
0.119459 0.918275 -0.377493 6.584100 0.015748 -0.381921 -0.924061 13.677400 -0.992714 0.104443 -0.060085 -0.199400 0.000000 0.000000 0.000000 1.000000
0.077883 0.931351 -0.355695 6.584100 0.014961 -0.357830 -0.933667 13.677400 -0.996850 0.067395 -0.041803 -0.199400 0.000000 0.000000 0.000000 1.000000
0.055544 0.941346 -0.332839 6.584100 0.013799 -0.334045 -0.942456 13.677400 -0.998361 0.047755 -0.031544 -0.199400 0.000000 0.000000 0.000000 1.000000
0.046566 0.948267 -0.314040 6.584100 0.012879 -0.314925 -0.949029 13.677400 -0.998832 0.040148 -0.026877 -0.199400 0.000000 0.000000 0.000000 1.000000
0.048172 0.947678 -0.315571 6.584100 0.013015 -0.316507 -0.948501 13.677400 -0.998754 0.041584 -0.027581 -0.199400 0.000000 0.000000 0.000000 1.000000
0.042294 0.935226 -0.351517 6.584100 0.013937 -0.352350 -0.935765 13.677400 -0.999008 0.034679 -0.027937 -0.199400 0.000000 0.000000 0.000000 1.000000
0.041726 0.913032 -0.405747 6.584100 0.015761 -0.406652 -0.913447 13.677400 -0.999005 0.031720 -0.031358 -0.199400 0.000000 0.000000 0.000000 1.000000
0.020973 0.905338 -0.424174 6.584100 0.016571 -0.424524 -0.905265 13.677400 -0.999643 0.011957 -0.023906 -0.199400 0.000000 0.000000 0.000000 1.000000
0.023357 0.894139 -0.447180 6.584100 0.017554 -0.447600 -0.894061 13.677400 -0.999573 0.013033 -0.026150 -0.199400 0.000000 0.000000 0.000000 1.000000</float_array>
        <technique_common>
          <accessor source="#mixamorig_LeftShoulder-Matrix-animation-output-transform-array" count="22" stride="16">
            <param type="float4x4"/>
          </accessor>
        </technique_common>
      </source>
      <source id="mixamorig_LeftShoulder-Interpolations">
        <Name_array id="mixamorig_LeftShoulder-Interpolations-array" count="22">
 LINEAR LINEAR LINEAR LINEAR LINEAR LINEAR LINEAR LINEAR LINEAR LINEAR LINEAR
LINEAR LINEAR LINEAR LINEAR LINEAR LINEAR LINEAR LINEAR LINEAR LINEAR LINEAR</Name_array>
        <technique_common>
          <accessor source="#mixamorig_LeftShoulder-Interpolations-array" count="22">
            <param type="name"/>
          </accessor>
        </technique_common>
      </source>
      <sampler id="mixamorig_LeftShoulder-Matrix-animation-transform">
        <input semantic="INPUT" source="#mixamorig_LeftShoulder-Matrix-animation-input"/>
        <input semantic="OUTPUT" source="#mixamorig_LeftShoulder-Matrix-animation-output-transform"/>
        <input semantic="INTERPOLATION" source="#mixamorig_LeftShoulder-Interpolations"/>
      </sampler>
      <channel source="#mixamorig_LeftShoulder-Matrix-animation-transform" target="mixamorig_LeftShoulder/matrix"/>
    </animation>
    <animation id="mixamorig_LeftArm-anim" name="mixamorig_LeftArm">
      <source id="mixamorig_LeftArm-Matrix-animation-input">
        <float_array id="mixamorig_LeftArm-Matrix-animation-input-array" count="22">

0.000000 0.033333 0.066667 0.100000 0.133333 0.166667 0.200000 0.233333 0.266667 0.300000 0.333333 0.366667 0.400000 0.433333 0.466667 0.500000
0.533333 0.566667 0.600000 0.633333 0.666667 0.700000</float_array>
        <technique_common>
          <accessor source="#mixamorig_LeftArm-Matrix-animation-input-array" count="22">
            <param name="TIME" type="float"/>
          </accessor>
        </technique_common>
      </source>
      <source id="mixamorig_LeftArm-Matrix-animation-output-transform">
        <float_array id="mixamorig_LeftArm-Matrix-animation-output-transform-array" count="352">

0.957056 0.218795 0.190192 0.000000 -0.047078 0.764640 -0.642736 13.782200 -0.286056 0.606180 0.742103 0.000000 0.000000 0.000000 0.000000 1.000000
0.928979 0.296231 0.221913 -0.000000 -0.101591 0.780594 -0.616727 13.782200 -0.355917 0.550382 0.755250 0.000000 0.000000 0.000000 0.000000 1.000000
0.862911 0.384694 0.327711 0.000000 -0.129481 0.795133 -0.592451 13.782200 -0.488486 0.468800 0.735940 -0.000000 0.000000 0.000000 0.000000 1.000000
0.793029 0.433761 0.427733 0.000000 -0.145743 0.816844 -0.558144 13.782200 -0.591493 0.380285 0.710999 0.000000 0.000000 0.000000 0.000000 1.000000
0.715406 0.479641 0.508074 -0.000000 -0.145062 0.813276 -0.563506 13.782200 -0.683485 0.329433 0.651400 0.000000 0.000000 0.000000 0.000000 1.000000
0.658318 0.526405 0.538067 0.000000 -0.163845 0.797879 -0.580124 13.782200 -0.734692 0.293747 0.611506 -0.000000 0.000000 0.000000 0.000000 1.000000
0.646156 0.577394 0.499098 -0.000000 -0.204193 0.760898 -0.615905 13.782200 -0.735383 0.296059 0.609559 0.000000 0.000000 0.000000 0.000000 1.000000
0.684349 0.606686 0.404473 0.000000 -0.245099 0.713838 -0.656020 13.782200 -0.686726 0.349811 0.637212 0.000000 0.000000 0.000000 0.000000 1.000000
0.783060 0.557041 0.276626 0.000000 -0.284980 0.716696 -0.636501 13.782200 -0.552814 0.419585 0.719962 0.000000 0.000000 0.000000 0.000000 1.000000
0.925730 0.370497 0.075864 -0.000000 -0.266356 0.781147 -0.564681 13.782200 -0.268473 0.502535 0.821815 0.000000 0.000000 0.000000 0.000000 1.000000
